accuracy   0.7360178970917226
precision   0.7215951725042634
Recall   0.7025489179750686
F1   0.7072263935760136
AUC   0.8495694324839208
Confusion_matrix   [[0.52985075 0.1641791  0.30597015]
 [0.17924528 0.67924528 0.14150943]
 [0.07246377 0.02898551 0.89855072]]
[1 1 2 2 2 1 2 2 1 0 0 2 1 2 1 2 2 1 2 1 2 1 1 2 2 1 2 0 2 2 2 2 0 2 2 0 0
 2 2 1 2 2 1 2 0 1 1 0 0 1 1 2 0 2 2 0 0 0 2 2 0 1 0 2 2 0 2 2 0 0 2 0 2 2
 2 0 2 1 2 2 2 0 2 2 1 2 0 2 2 2 2 0 0 0 1 1 0 0 2 1 2 2 0 2 1 2 0 1 2 1 1
 2 1 0 2 2 2 1 2 2 1 1 0 2 0 0 2 0 0 0 1 2 0 1 1 1 1 0 2 0 0 0 2 2 2 2 2 2
 2 2 2 0 2 2 2 0 0 2 2 1 2 2 2 2 2 1 2 0 2 2 0 2 1 2 1 1 0 0 2 2 0 0 1 2 2
 2 0 0 0 0 1 2 0 1 0 2 2 1 2 2 2 0 2 2 1 1 2 2 0 1 1 1 2 2 2 2 1 2 2 1 2 2
 2 1 0 2 2 0 2 2 1 0 1 2 0 2 2 2 1 2 2 1 0 2 0 0 1 1 2 2 1 2 2 2 2 1 0 0 2
 2 2 2 2 2 0 0 2 1 2 2 2 1 2 0 2 2 2 0 0 0 2 2 1 2 1 0 2 0 2 2 0 2 2 2 0 1
 1 2 2 2 2 1 2 2 0 1 2 2 2 2 2 2 2 2 0 2 2 0 0 2 1 2 2 1 2 2 0 2 0 1 2 2 2
 2 2 1 2 1 0 0 1 0 2 2 1 1 2 1 1 2 2 2 2 2 1 1 2 0 2 2 2 2 0 0 1 2 2 1 2 0
 0 1 2 2 2 1 2 1 2 1 2 2 2 2 2 2 2 2 2 2 0 2 2 1 2 2 2 2 0 1 1 2 2 2 0 2 2
 2 2 0 2 0 1 2 0 1 0 0 2 0 2 0 2 1 2 1 1 2 0 1 2 1 2 0 1 2 2 2 1 2 0 2 2 2
 1 0 2]
{'accuracy': 0.7360178970917226, 'precision': 0.7215951725042634, 'Recall': 0.7025489179750686, 'F1': 0.7072263935760136, 'AUC': 0.8495694324839208, 'Confusion_matrix': array([[0.52985075, 0.1641791 , 0.30597015],
       [0.17924528, 0.67924528, 0.14150943],
       [0.07246377, 0.02898551, 0.89855072]])}
mcc	 0.5833549404355097
