accuracy   0.9284116331096197
precision   0.9326491403477818
Recall   0.7011611713905003
F1   0.7507494116189769
AUC   0.8896142930136498
Confusion_matrix   [[0.28571429 0.42857143 0.28571429]
 [0.         0.96209913 0.03790087]
 [0.         0.1443299  0.8556701 ]]
[2 1 1 1 1 2 1 2 1 2 1 1 1 1 2 1 1 1 2 1 2 2 2 2 1 1 1 1 1 2 2 2 1 1 1 2 1
 2 1 2 1 1 1 2 1 2 2 1 1 2 1 1 2 1 1 1 1 1 1 1 1 1 2 1 1 2 1 2 1 2 1 1 1 1
 2 1 1 1 2 1 1 1 1 1 1 1 1 1 1 1 1 2 1 1 1 1 1 1 1 1 1 1 2 1 1 1 1 2 1 2 1
 2 1 1 1 2 0 2 1 1 1 1 1 1 1 1 1 1 1 1 1 1 1 1 1 2 2 1 1 1 1 1 1 1 1 1 2 1
 1 1 2 2 1 1 1 2 1 1 1 2 1 1 1 1 1 2 1 2 2 1 1 1 1 1 1 1 2 1 1 1 1 1 2 1 1
 1 1 1 1 1 1 1 2 1 1 1 1 1 1 2 1 1 2 1 2 1 1 2 2 1 1 1 2 1 1 1 1 1 1 1 2 1
 2 1 1 1 1 1 1 1 1 1 1 2 1 1 1 1 1 1 1 1 1 1 1 2 1 2 1 1 1 1 1 1 1 1 1 1 1
 1 1 1 1 1 1 1 2 2 1 2 1 2 1 1 1 1 1 1 2 1 1 2 1 1 1 1 1 1 2 2 1 1 1 1 1 2
 1 2 1 1 2 1 1 1 1 1 1 1 1 2 1 1 2 1 1 1 1 2 2 2 1 1 1 1 1 1 1 1 1 1 1 1 1
 1 1 1 1 1 1 1 2 1 1 2 1 1 1 1 2 1 2 1 1 1 1 1 2 1 1 1 1 1 1 2 1 1 1 1 1 1
 1 1 1 2 2 2 1 1 1 2 1 0 1 2 1 1 1 1 1 1 1 1 1 1 1 1 1 1 1 2 2 1 2 2 1 1 1
 2 1 1 2 1 1 2 2 2 1 1 1 2 1 1 1 1 1 1 1 1 1 2 1 1 1 2 2 1 1 1 1 1 1 1 1 1
 1 1 1]
{'accuracy': 0.9284116331096197, 'precision': 0.9326491403477818, 'Recall': 0.7011611713905003, 'F1': 0.7507494116189769, 'AUC': 0.8896142930136498, 'Confusion_matrix': array([[0.28571429, 0.42857143, 0.28571429],
       [0.        , 0.96209913, 0.03790087],
       [0.        , 0.1443299 , 0.8556701 ]])}
mcc	 0.7996951768264345
