accuracy   0.8859060402684564
precision   0.8945236943907157
Recall   0.6089387153977939
F1   0.6444743681494595
AUC   0.8132514945805799
Confusion_matrix   [[0.14285714 0.57142857 0.28571429]
 [0.         0.94169096 0.05830904]
 [0.         0.25773196 0.74226804]]
[1 1 1 1 1 2 1 2 1 2 1 1 1 1 2 1 1 2 2 1 1 2 2 2 1 1 1 2 1 2 2 2 1 1 1 2 1
 2 1 2 1 1 1 2 1 2 2 1 1 2 1 1 2 1 1 1 2 1 1 1 1 1 1 1 1 2 1 2 1 2 1 1 1 1
 2 1 1 1 2 1 2 1 1 1 1 1 1 1 1 1 1 2 1 1 1 1 1 1 1 1 1 1 2 1 1 1 1 2 1 2 1
 2 1 1 1 2 1 2 1 1 1 1 1 1 1 1 1 1 1 1 1 1 1 1 1 2 2 1 1 1 1 1 1 1 1 1 2 1
 1 1 2 2 1 1 1 2 1 1 1 2 1 1 1 1 1 2 1 2 1 1 1 1 1 1 1 1 2 1 1 1 1 1 2 1 2
 1 1 1 1 1 1 1 2 1 1 1 1 1 1 2 1 1 2 1 2 1 1 2 2 1 1 1 2 1 1 1 1 1 1 1 2 1
 2 1 1 1 1 1 1 1 1 1 1 1 1 1 1 1 1 1 1 1 1 1 2 2 1 1 1 1 1 1 1 1 1 1 1 1 1
 1 1 1 1 1 1 1 2 2 1 2 1 2 1 1 1 1 1 1 2 1 1 2 1 1 1 1 1 1 2 1 1 1 1 1 1 2
 1 2 1 1 1 1 1 1 1 1 1 1 1 2 1 1 1 1 1 1 1 2 2 2 1 1 1 1 1 1 1 1 1 1 1 1 1
 1 1 1 1 1 1 1 1 1 1 2 1 1 1 1 2 1 1 1 1 1 1 1 2 1 1 1 1 1 1 2 1 2 1 1 1 1
 1 1 1 2 1 2 1 1 1 2 1 0 1 2 1 1 1 1 1 1 1 1 1 1 1 1 1 1 2 2 2 1 2 2 1 1 1
 2 1 2 1 1 1 2 2 1 1 2 1 2 1 1 1 1 1 1 1 1 1 2 1 1 1 2 2 1 1 1 1 1 1 1 1 1
 1 1 1]
{'accuracy': 0.8859060402684564, 'precision': 0.8945236943907157, 'Recall': 0.6089387153977939, 'F1': 0.6444743681494595, 'AUC': 0.8132514945805799, 'Confusion_matrix': array([[0.14285714, 0.57142857, 0.28571429],
       [0.        , 0.94169096, 0.05830904],
       [0.        , 0.25773196, 0.74226804]])}
mcc	 0.675242938134145
