accuracy   0.7203579418344519
precision   0.747732787382469
Recall   0.6047885712565296
F1   0.6463075651716625
AUC   0.8668944560083972
Confusion_matrix   [[0.6284153  0.3715847  0.        ]
 [0.16942149 0.82231405 0.00826446]
 [0.04545455 0.59090909 0.36363636]]
[1 0 1 1 1 1 1 1 1 0 1 0 1 0 1 0 1 1 1 2 0 0 1 1 0 1 0 0 0 1 0 1 0 0 1 0 1
 1 1 1 0 1 0 1 0 1 1 0 1 0 0 1 1 1 0 1 1 1 1 1 1 1 1 1 2 1 1 1 0 0 1 1 0 1
 0 1 1 0 0 1 1 1 0 1 1 1 0 1 1 0 0 1 0 0 0 1 1 2 1 1 0 1 1 0 0 1 1 0 0 1 1
 1 0 1 1 0 0 0 0 1 0 1 0 1 0 0 1 1 1 0 1 1 1 1 0 1 1 1 1 1 1 0 0 1 1 0 0 0
 1 0 0 1 1 0 0 1 1 1 0 1 1 0 1 0 1 1 0 1 1 2 1 1 0 1 1 0 1 1 1 1 1 0 1 1 0
 1 1 1 1 0 1 0 1 0 0 1 1 0 1 0 1 0 1 1 1 1 1 1 1 1 0 0 0 1 1 0 1 1 0 1 0 1
 0 0 1 1 1 1 0 1 0 0 1 1 1 0 1 1 1 0 1 0 0 1 1 1 1 1 0 1 1 0 1 1 0 0 1 1 1
 1 0 0 1 1 1 1 1 0 0 1 1 0 0 1 1 1 1 1 1 1 1 0 1 1 0 1 0 0 1 1 1 1 1 1 1 0
 0 1 1 0 1 2 1 1 0 1 0 0 0 1 0 0 0 1 1 1 1 1 1 1 1 1 0 1 0 1 1 0 1 1 1 0 0
 0 1 1 1 1 2 0 0 2 1 0 0 1 0 1 1 0 0 0 0 1 1 1 1 1 0 1 1 1 1 0 0 1 1 1 0 1
 0 1 1 1 1 1 1 1 0 0 0 0 1 1 1 1 1 1 0 1 1 1 1 0 1 0 1 1 1 1 1 1 1 0 1 0 1
 0 0 1 0 1 1 1 1 0 1 0 1 1 1 1 0 0 1 0 0 2 1 1 1 1 2 0 1 0 1 0 1 1 1 0 1 2
 1 0 1]
{'accuracy': 0.7203579418344519, 'precision': 0.747732787382469, 'Recall': 0.6047885712565296, 'F1': 0.6463075651716625, 'AUC': 0.8668944560083972, 'Confusion_matrix': array([[0.6284153 , 0.3715847 , 0.        ],
       [0.16942149, 0.82231405, 0.00826446],
       [0.04545455, 0.59090909, 0.36363636]])}
mcc	 0.4637532747377352
