accuracy   0.7695749440715883
precision   0.7871138964364325
Recall   0.6953141651783418
F1   0.715180262543272
AUC   0.86827359821842
Confusion_matrix   [[0.40789474 0.36842105 0.22368421]
 [0.02304147 0.86635945 0.11059908]
 [0.00649351 0.18181818 0.81168831]]
[1 2 1 1 2 1 1 1 2 0 1 1 1 2 1 2 1 1 1 2 1 2 1 2 0 0 2 2 1 2 1 1 2 2 1 2 1
 2 0 1 1 0 2 1 1 1 1 2 2 2 1 2 2 1 2 1 1 2 1 1 1 2 0 0 1 0 1 1 2 1 1 1 2 2
 1 2 1 1 1 2 2 2 1 2 1 1 2 1 0 1 1 1 2 2 0 1 1 1 1 2 1 2 1 1 2 1 2 2 1 1 0
 1 2 1 2 1 1 2 2 2 2 1 1 1 2 1 1 1 2 1 0 2 1 1 2 1 1 1 1 2 2 2 0 1 2 1 2 2
 1 1 2 2 2 1 0 1 1 1 1 2 2 2 2 1 2 1 1 1 1 1 2 1 1 2 1 2 2 1 2 1 2 1 1 1 0
 1 2 1 1 1 1 1 1 1 1 0 1 1 1 2 1 2 0 1 1 0 1 1 1 1 1 2 1 1 1 1 1 1 1 2 1 2
 0 1 1 2 1 1 1 1 1 1 0 2 2 1 1 1 2 1 2 2 2 2 1 1 1 1 2 1 0 2 1 1 1 2 1 2 2
 1 1 1 1 2 2 2 2 2 1 0 1 2 1 2 2 1 1 1 2 1 2 1 1 0 1 2 1 2 2 1 1 1 1 1 1 2
 2 2 0 1 1 1 2 1 2 2 2 2 1 1 2 1 1 2 1 1 2 1 1 1 2 0 2 2 0 1 2 2 1 1 1 1 1
 2 2 1 1 0 2 1 1 2 2 0 2 1 0 0 1 1 1 2 1 1 1 0 1 1 1 2 2 2 1 1 2 2 2 1 2 2
 2 2 2 1 2 2 1 2 1 0 1 1 1 2 1 2 1 2 1 2 1 2 2 1 2 2 2 1 0 1 2 2 2 1 2 1 1
 1 1 2 1 1 1 1 2 2 2 2 1 0 1 2 1 2 2 1 2 2 2 1 1 1 2 0 1 1 1 0 0 1 1 1 2 1
 1 1 2]
{'accuracy': 0.7695749440715883, 'precision': 0.7871138964364325, 'Recall': 0.6953141651783418, 'F1': 0.715180262543272, 'AUC': 0.86827359821842, 'Confusion_matrix': array([[0.40789474, 0.36842105, 0.22368421],
       [0.02304147, 0.86635945, 0.11059908],
       [0.00649351, 0.18181818, 0.81168831]])}
mcc	 0.6184527308844431
