accuracy   0.883668903803132
precision   0.5585027910685806
Recall   0.5613196677787463
F1   0.559832134292566
AUC   0.7997641303523303
Confusion_matrix   [[0.         0.57142857 0.42857143]
 [0.         0.94169096 0.05830904]
 [0.         0.25773196 0.74226804]]
[1 1 1 1 1 2 1 2 1 2 1 1 1 1 2 1 1 2 2 1 1 2 2 2 1 1 1 2 1 2 2 2 1 1 1 2 1
 2 1 2 1 1 1 2 1 2 2 1 1 2 1 1 2 1 1 1 2 1 1 1 1 1 1 1 1 2 1 2 1 2 1 1 1 1
 2 1 1 1 2 1 2 1 1 1 1 1 1 1 1 1 1 2 1 1 1 1 1 1 1 1 1 1 2 1 1 1 1 2 1 2 1
 2 1 1 1 2 1 2 1 1 1 1 1 1 1 1 1 1 1 1 1 1 1 1 1 2 2 1 1 1 1 1 1 1 1 1 2 1
 1 1 2 2 1 1 1 2 1 1 1 2 1 1 1 1 1 2 1 2 1 1 1 1 1 1 1 1 2 1 1 1 1 1 2 1 2
 1 1 1 1 1 1 1 2 1 1 1 1 1 1 2 1 1 2 1 2 1 1 2 2 1 1 1 2 1 1 1 1 1 1 1 2 1
 2 1 1 1 1 1 1 1 1 1 1 1 1 1 1 1 1 1 1 1 1 1 2 2 1 1 1 1 1 1 1 1 1 1 1 1 1
 1 1 1 1 1 1 1 2 2 1 2 1 2 1 1 1 1 1 1 2 1 1 2 1 1 1 1 1 1 2 1 1 1 1 1 1 2
 1 2 1 1 1 1 1 1 1 1 1 1 1 2 1 1 1 1 1 1 1 2 2 2 1 1 1 1 1 1 1 1 1 1 1 1 1
 1 1 1 1 1 1 1 1 1 1 2 1 1 1 1 2 1 1 1 1 1 1 1 2 1 1 1 1 1 1 2 1 2 1 1 1 1
 1 1 1 2 1 2 1 1 1 2 1 2 1 2 1 1 1 1 1 1 1 1 1 1 1 1 1 1 2 2 2 1 2 2 1 1 1
 2 1 2 1 1 1 2 2 1 1 2 1 2 1 1 1 1 1 1 1 1 1 2 1 1 1 2 2 1 1 1 1 1 1 1 1 1
 1 1 1]
{'accuracy': 0.883668903803132, 'precision': 0.5585027910685806, 'Recall': 0.5613196677787463, 'F1': 0.559832134292566, 'AUC': 0.7997641303523303, 'Confusion_matrix': array([[0.        , 0.57142857, 0.42857143],
       [0.        , 0.94169096, 0.05830904],
       [0.        , 0.25773196, 0.74226804]])}
mcc	 0.6684902239338566
