accuracy   0.7651006711409396
precision   0.7806849942364478
Recall   0.7283090252973224
F1   0.7416695215256365
AUC   0.8800059775069049
Confusion_matrix   [[0.54545455 0.32323232 0.13131313]
 [0.02684564 0.76510067 0.20805369]
 [0.02512563 0.10050251 0.87437186]]
[1 1 2 2 0 1 2 2 2 2 0 2 1 2 2 2 1 1 2 1 2 1 1 1 0 0 2 1 2 2 2 2 2 2 2 0 1
 2 2 1 2 2 1 2 1 1 1 1 0 1 1 2 0 0 2 1 1 1 2 2 0 2 1 2 2 0 2 2 0 1 0 2 2 2
 2 2 1 2 2 1 2 2 2 2 2 2 0 2 0 2 2 0 0 2 2 1 1 1 2 1 2 2 1 2 2 2 1 1 0 1 1
 1 2 1 1 2 2 2 1 2 1 1 0 2 0 0 2 1 2 0 1 2 1 1 1 0 1 0 2 1 1 0 0 1 1 2 2 2
 0 2 2 2 2 2 2 2 1 1 2 0 1 1 0 2 0 1 2 1 1 1 2 1 1 2 1 1 1 1 1 2 1 2 2 2 0
 2 1 0 2 1 1 2 0 1 2 2 2 0 2 2 2 1 2 1 1 1 2 2 1 1 2 2 2 2 0 1 1 2 2 1 2 1
 2 1 0 1 2 1 2 2 2 1 2 0 1 0 2 2 1 2 2 1 2 2 1 1 1 0 1 2 1 2 2 2 2 1 1 2 0
 2 2 2 2 1 1 0 1 1 2 2 2 1 2 2 2 2 1 1 1 0 1 2 1 1 2 2 2 1 2 2 2 2 2 2 0 1
 1 2 2 2 2 2 2 2 1 1 2 1 2 2 1 2 2 0 2 2 2 1 2 1 0 0 2 1 2 0 1 2 0 1 0 2 1
 1 2 1 1 1 2 0 1 1 1 2 1 1 1 0 2 1 2 2 2 2 2 1 2 2 0 2 2 2 1 0 2 2 2 2 2 1
 1 1 2 2 0 2 2 2 1 1 2 1 2 2 0 2 1 2 2 0 0 2 2 0 2 1 2 1 1 1 1 1 2 2 1 2 2
 2 1 0 0 2 1 2 1 1 1 2 2 1 1 2 2 1 2 1 1 1 0 1 1 2 2 0 1 1 2 2 1 2 1 2 2 1
 1 0 0]
{'accuracy': 0.7651006711409396, 'precision': 0.7806849942364478, 'Recall': 0.7283090252973224, 'F1': 0.7416695215256365, 'AUC': 0.8800059775069049, 'Confusion_matrix': array([[0.54545455, 0.32323232, 0.13131313],
       [0.02684564, 0.76510067, 0.20805369],
       [0.02512563, 0.10050251, 0.87437186]])}
mcc	 0.6310591882573535
