accuracy   0.6241610738255033
precision   0.7454578425013426
Recall   0.44514443992834457
F1   0.44947561712853473
AUC   0.7437053436409892
Confusion_matrix   [[0.57923497 0.42076503 0.        ]
 [0.2892562  0.7107438  0.        ]
 [0.13636364 0.81818182 0.04545455]]
[0 0 0 1 1 1 1 1 1 1 1 1 1 0 0 1 1 1 1 1 0 0 1 1 0 0 0 0 0 1 1 0 0 0 1 1 1
 0 1 0 0 1 0 1 0 1 1 1 1 0 0 1 1 1 1 1 1 1 1 1 1 0 1 1 0 1 1 1 0 0 1 1 0 1
 0 1 1 0 0 0 1 1 0 0 1 1 1 1 1 0 1 0 0 0 1 1 1 1 1 1 1 1 1 0 0 1 1 0 1 1 1
 1 0 1 1 0 1 0 0 1 0 1 0 1 0 0 1 0 0 0 1 1 1 1 0 1 1 1 0 1 0 0 1 1 0 0 0 0
 1 0 0 1 1 1 0 1 1 1 0 1 1 0 1 0 1 1 1 1 1 0 1 1 0 0 0 0 1 1 1 1 1 0 0 1 0
 1 1 1 1 0 0 0 1 0 0 1 0 0 1 1 1 0 1 1 1 1 1 0 1 1 1 0 0 1 1 1 1 1 1 1 0 1
 0 0 1 0 0 1 0 0 0 0 1 1 0 0 0 0 1 0 1 1 0 1 0 1 1 0 0 1 1 0 1 1 0 1 0 0 0
 1 1 0 0 1 1 1 1 0 0 1 0 1 1 1 0 1 1 1 0 1 0 0 1 1 0 1 1 1 0 1 1 1 0 1 1 0
 0 1 1 0 1 2 1 0 0 1 0 0 0 1 0 0 0 1 0 0 1 1 1 1 1 0 1 1 0 1 1 0 1 0 1 1 0
 0 0 1 1 0 1 0 0 1 1 1 1 1 1 1 1 0 0 0 1 1 1 1 1 1 0 1 1 1 1 1 0 1 1 1 0 1
 0 1 1 1 1 1 1 1 0 0 0 0 0 1 0 1 1 1 1 1 1 0 1 0 1 0 1 1 1 0 1 1 0 1 0 0 1
 0 0 1 0 1 1 1 1 0 1 0 1 1 1 0 0 0 0 0 0 1 0 0 1 1 1 0 1 0 1 0 1 1 1 0 1 1
 1 1 1]
{'accuracy': 0.6241610738255033, 'precision': 0.7454578425013426, 'Recall': 0.44514443992834457, 'F1': 0.44947561712853473, 'AUC': 0.7437053436409892, 'Confusion_matrix': array([[0.57923497, 0.42076503, 0.        ],
       [0.2892562 , 0.7107438 , 0.        ],
       [0.13636364, 0.81818182, 0.04545455]])}
mcc	 0.26854888909286506
