accuracy   0.6599552572706935
precision   0.7700167435221784
Recall   0.4916245350999535
F1   0.5172058491418248
AUC   0.7338059060466063
Confusion_matrix   [[0.125      0.25       0.625     ]
 [0.         0.63020833 0.36979167]
 [0.         0.28033473 0.71966527]]
[1 2 2 2 2 2 1 1 1 2 2 2 1 1 1 2 1 2 1 1 2 2 1 2 1 1 2 2 2 2 2 2 1 2 2 2 2
 1 1 1 2 2 2 1 2 1 2 2 1 2 1 1 2 1 2 1 1 2 2 1 1 2 1 2 2 1 2 2 2 1 1 2 1 1
 0 1 2 1 2 1 2 1 2 2 2 1 1 2 1 2 2 2 1 2 2 2 2 1 2 2 1 1 1 2 2 2 2 2 2 1 2
 2 2 2 2 2 1 2 2 1 2 2 1 2 2 1 1 2 2 1 1 1 1 1 1 2 2 2 2 1 2 1 1 1 2 1 1 1
 2 1 1 1 2 2 1 1 2 1 2 1 1 1 2 1 1 1 1 1 1 2 1 1 2 2 2 2 1 2 1 2 2 1 2 2 2
 2 1 2 1 1 1 2 1 1 1 2 2 1 2 1 2 1 1 1 2 1 2 1 2 1 1 1 2 1 1 2 2 2 1 2 2 2
 2 2 1 2 1 2 2 2 1 2 2 2 2 2 2 2 2 2 1 2 1 1 2 1 2 2 1 2 2 1 2 1 2 1 1 1 2
 2 1 1 2 2 2 1 2 1 2 2 1 2 1 1 2 2 1 2 2 1 2 2 1 2 2 1 1 2 2 1 2 2 1 1 2 1
 2 1 1 2 2 1 2 1 1 2 2 2 2 2 2 2 1 1 1 1 1 1 1 2 2 1 2 1 2 2 2 2 2 1 1 1 2
 2 2 1 2 2 2 2 1 2 2 2 2 2 2 1 1 1 1 1 1 1 2 1 1 2 2 2 0 2 2 2 2 2 1 1 2 1
 2 2 1 2 1 2 1 2 1 2 2 1 2 2 1 1 1 2 1 2 2 1 2 2 2 1 1 1 2 1 2 1 2 2 1 2 2
 1 2 2 2 2 1 1 2 2 1 2 2 2 2 1 1 2 2 2 2 1 2 2 2 2 2 2 1 2 2 1 2 2 2 2 1 2
 1 2 1]
{'accuracy': 0.6599552572706935, 'precision': 0.7700167435221784, 'Recall': 0.4916245350999535, 'F1': 0.5172058491418248, 'AUC': 0.7338059060466063, 'Confusion_matrix': array([[0.125     , 0.25      , 0.625     ],
       [0.        , 0.63020833, 0.36979167],
       [0.        , 0.28033473, 0.71966527]])}
mcc	 0.3376056681443387
