accuracy   0.7225950782997763
precision   0.7461458961927155
Recall   0.5743331589958159
F1   0.61211648096894
AUC   0.8623473638714553
Confusion_matrix   [[0.25       0.1875     0.5625    ]
 [0.00520833 0.703125   0.29166667]
 [0.         0.23012552 0.76987448]]
[1 2 2 2 1 2 1 1 2 1 2 2 1 1 1 2 2 2 1 1 2 2 1 2 1 1 2 2 2 2 2 2 1 2 2 2 2
 1 1 1 2 2 2 1 2 1 2 2 1 2 1 2 2 2 1 1 1 2 2 1 2 1 1 2 2 1 2 1 2 1 1 2 1 1
 0 2 2 1 1 1 2 1 1 2 1 1 1 2 2 1 2 1 1 2 2 2 2 1 2 2 2 1 1 2 2 2 2 0 2 1 2
 2 2 1 2 2 1 2 2 1 2 2 1 2 2 1 1 2 2 1 1 1 1 1 1 2 2 2 2 1 1 1 1 1 2 1 1 1
 1 1 2 0 2 2 2 1 2 1 2 1 1 1 2 2 2 1 2 1 2 2 1 1 2 2 2 2 1 2 1 2 2 2 2 2 2
 2 2 2 1 1 2 2 1 1 1 1 2 1 2 1 2 2 2 1 2 1 1 2 2 1 1 1 2 1 1 2 2 2 1 2 2 2
 2 2 1 2 1 2 2 2 1 1 2 2 2 2 2 2 2 1 1 2 1 1 2 1 2 1 1 2 2 1 2 1 2 1 1 1 2
 2 1 1 2 2 2 1 2 1 2 2 1 2 2 1 2 2 1 2 2 1 2 2 1 2 2 1 1 1 2 1 2 2 1 1 2 1
 2 2 1 2 2 1 2 1 1 2 2 2 2 2 0 2 2 2 1 1 1 1 1 2 2 1 2 1 2 2 2 1 2 1 1 2 2
 2 2 1 2 2 1 2 2 1 1 2 2 2 1 1 1 1 1 2 1 1 1 1 1 2 2 2 0 2 2 2 2 1 1 1 2 1
 2 2 1 2 1 2 1 2 2 2 2 1 2 1 1 1 1 1 1 2 2 1 1 1 2 1 1 1 2 1 2 1 2 2 1 2 2
 1 1 2 2 1 1 1 2 2 1 2 2 2 2 1 1 2 2 2 1 1 2 2 2 2 2 2 2 2 2 2 2 2 2 2 1 2
 2 2 1]
{'accuracy': 0.7225950782997763, 'precision': 0.7461458961927155, 'Recall': 0.5743331589958159, 'F1': 0.61211648096894, 'AUC': 0.8623473638714553, 'Confusion_matrix': array([[0.25      , 0.1875    , 0.5625    ],
       [0.00520833, 0.703125  , 0.29166667],
       [0.        , 0.23012552, 0.76987448]])}
mcc	 0.46334576791757137
