accuracy   0.7315436241610739
precision   0.7300798556403937
Recall   0.6986979958886471
F1   0.7089072350950767
AUC   0.8569948470120471
Confusion_matrix   [[0.67114094 0.06040268 0.26845638]
 [0.31313131 0.56565657 0.12121212]
 [0.09547739 0.04522613 0.85929648]]
[1 2 2 2 2 2 2 1 2 0 0 0 1 1 1 2 2 2 2 2 2 2 2 2 2 0 1 0 2 2 2 1 2 2 2 0 0
 0 0 1 0 2 0 0 1 0 2 2 1 1 2 2 0 0 2 0 2 0 0 2 0 0 2 1 1 0 2 1 0 0 2 2 2 2
 0 2 2 0 2 1 2 0 1 2 2 1 0 2 0 2 2 0 0 1 1 0 0 0 2 2 0 2 0 2 2 1 0 0 0 0 2
 2 0 0 2 2 2 1 2 1 2 1 2 2 0 2 2 0 0 0 0 0 0 0 2 1 0 2 2 0 0 2 0 0 0 2 0 1
 2 0 2 2 2 1 1 2 2 1 0 0 2 2 1 0 1 0 2 2 2 0 2 2 2 0 0 0 2 0 0 2 2 0 1 2 2
 0 2 0 2 1 0 0 2 2 2 0 2 2 0 2 2 2 0 2 1 0 0 2 0 0 1 0 0 2 0 0 0 0 2 2 0 2
 2 1 0 0 2 2 1 2 2 2 0 1 2 0 1 0 2 0 2 2 2 2 2 0 0 1 0 0 2 1 2 0 2 2 2 2 2
 1 2 2 2 2 2 1 0 1 2 2 2 2 0 2 2 2 2 2 0 0 0 2 2 2 2 0 2 2 1 0 2 1 2 2 2 0
 1 0 2 1 1 2 2 2 2 0 1 2 2 2 0 0 0 2 0 0 2 0 0 2 1 0 2 2 2 0 1 0 0 2 2 1 0
 2 2 2 2 2 1 2 0 0 0 0 1 1 2 0 0 0 0 0 0 2 2 2 2 1 2 2 2 2 2 2 0 2 0 2 2 2
 2 0 1 0 0 2 2 0 1 2 2 1 1 2 2 2 2 0 2 1 2 2 2 2 2 2 2 2 2 2 1 1 0 1 0 2 2
 0 2 2 2 1 0 2 1 2 2 0 1 2 2 2 0 0 2 2 2 0 0 1 2 2 1 0 1 1 0 2 0 2 2 1 0 1
 0 2 1]
{'accuracy': 0.7315436241610739, 'precision': 0.7300798556403937, 'Recall': 0.6986979958886471, 'F1': 0.7089072350950767, 'AUC': 0.8569948470120471, 'Confusion_matrix': array([[0.67114094, 0.06040268, 0.26845638],
       [0.31313131, 0.56565657, 0.12121212],
       [0.09547739, 0.04522613, 0.85929648]])}
mcc	 0.5763847864677972
