accuracy   0.6845637583892618
precision   0.6643228594448106
Recall   0.642713422224399
F1   0.6485741316394108
AUC   0.8130715826573086
Confusion_matrix   [[0.49253731 0.17910448 0.32835821]
 [0.22641509 0.56603774 0.20754717]
 [0.10144928 0.02898551 0.86956522]]
[1 1 2 2 2 1 2 2 2 0 0 2 0 0 1 2 2 1 2 1 2 2 1 2 2 0 2 0 2 2 2 2 1 2 2 0 0
 2 2 1 2 2 0 2 0 0 1 0 2 1 1 2 1 2 2 0 0 0 2 2 0 0 2 2 2 0 2 2 0 2 2 2 2 2
 2 0 0 1 2 2 2 0 2 2 0 2 0 2 2 2 2 1 0 1 1 0 0 0 2 1 0 2 1 2 1 2 0 0 2 1 1
 2 1 0 2 2 2 1 0 2 1 0 0 2 0 0 2 0 0 0 1 2 0 1 2 0 1 1 2 0 0 0 2 2 1 2 2 2
 0 2 2 0 2 2 2 0 0 2 2 0 2 2 2 1 2 1 2 0 2 2 0 2 1 2 1 1 0 2 2 2 0 0 1 0 2
 2 2 1 0 0 2 2 0 1 0 2 2 1 2 2 2 0 2 2 1 0 2 2 0 1 0 0 2 2 2 2 1 2 2 1 2 2
 2 1 0 2 2 1 2 2 1 0 1 2 0 2 2 2 1 1 2 1 2 2 0 0 2 1 1 2 1 2 2 2 2 1 0 0 2
 2 2 2 2 2 0 0 2 0 2 2 2 2 2 1 2 2 2 0 0 0 2 2 1 2 1 0 2 0 2 2 2 2 2 2 0 0
 2 2 2 2 2 0 2 0 1 1 2 2 2 2 2 2 2 2 0 2 2 0 2 2 1 2 2 1 2 2 1 2 1 1 2 2 2
 2 2 0 0 1 0 2 1 0 2 2 1 1 2 1 1 2 2 2 2 2 1 2 2 0 2 2 2 2 0 0 1 2 2 1 2 0
 0 2 2 2 2 1 2 1 2 1 2 0 2 2 2 2 2 2 2 0 0 2 2 1 2 2 2 2 0 1 1 2 2 2 0 2 2
 2 2 0 2 0 1 1 0 1 0 0 2 0 2 0 2 1 2 1 1 2 0 1 2 1 2 0 1 2 2 2 1 2 0 2 2 2
 1 0 2]
{'accuracy': 0.6845637583892618, 'precision': 0.6643228594448106, 'Recall': 0.642713422224399, 'F1': 0.6485741316394108, 'AUC': 0.8130715826573086, 'Confusion_matrix': array([[0.49253731, 0.17910448, 0.32835821],
       [0.22641509, 0.56603774, 0.20754717],
       [0.10144928, 0.02898551, 0.86956522]])}
mcc	 0.4985891039938779
