accuracy   0.7158836689038032
precision   0.7287250384024578
Recall   0.6149196886901805
F1   0.652223835871831
AUC   0.8679935447141789
Confusion_matrix   [[0.61748634 0.38251366 0.        ]
 [0.16942149 0.81818182 0.01239669]
 [0.04545455 0.54545455 0.40909091]]
[1 0 1 1 1 1 1 1 1 0 1 0 1 0 1 0 1 1 1 2 0 0 1 1 0 1 0 0 0 1 0 1 0 0 1 0 1
 1 1 1 0 1 0 1 0 1 1 0 1 0 0 1 1 1 0 1 1 1 1 1 1 1 1 1 2 1 1 1 0 0 1 1 0 1
 0 1 1 0 0 1 1 1 0 1 1 1 0 1 1 0 0 1 0 0 0 1 1 2 1 2 0 1 1 0 0 1 1 0 0 1 1
 1 0 1 1 0 0 0 0 1 0 1 0 1 0 0 1 1 1 0 1 1 1 1 0 1 1 1 1 1 1 1 0 1 1 0 0 0
 1 0 0 1 1 0 0 1 1 1 0 1 1 0 1 0 1 1 0 1 1 2 1 1 0 1 1 0 1 1 1 1 1 0 1 1 0
 1 1 1 1 0 1 0 1 0 0 1 1 0 1 0 1 0 1 1 1 1 1 1 1 1 0 0 0 1 1 0 1 1 0 1 0 1
 0 0 1 1 1 1 0 1 0 0 1 1 1 0 1 1 1 0 1 0 0 1 1 1 1 1 0 1 1 0 1 1 1 0 1 1 1
 1 0 0 1 1 1 1 1 0 0 1 1 0 0 1 1 1 1 1 1 1 0 0 1 1 0 1 0 0 1 1 2 1 1 1 1 0
 0 1 1 0 1 2 1 1 0 1 0 0 0 1 0 0 0 1 1 1 1 1 1 1 1 1 0 1 0 1 1 0 1 1 1 0 0
 0 1 1 1 1 2 0 0 2 1 0 0 1 0 1 1 0 0 0 0 1 1 1 1 1 0 1 1 1 1 0 0 1 1 1 0 1
 0 1 1 1 1 1 1 1 0 0 0 0 1 1 1 1 1 1 1 1 1 1 1 0 1 0 1 1 1 1 1 1 1 0 1 0 1
 0 0 1 0 1 1 1 1 0 1 0 1 1 1 1 0 0 1 0 0 2 1 1 1 1 2 0 1 0 1 0 1 1 1 0 1 2
 1 0 1]
{'accuracy': 0.7158836689038032, 'precision': 0.7287250384024578, 'Recall': 0.6149196886901805, 'F1': 0.652223835871831, 'AUC': 0.8679935447141789, 'Confusion_matrix': array([[0.61748634, 0.38251366, 0.        ],
       [0.16942149, 0.81818182, 0.01239669],
       [0.04545455, 0.54545455, 0.40909091]])}
mcc	 0.4567676033938744
