accuracy   0.6666666666666666
precision   0.5538452217841531
Recall   0.47575607039094364
F1   0.4779568022033776
AUC   0.7211457140159213
Confusion_matrix   [[0.63387978 0.35519126 0.01092896]
 [0.25206612 0.74793388 0.        ]
 [0.22727273 0.72727273 0.04545455]]
[0 0 0 1 1 0 1 1 0 1 0 0 0 1 0 1 1 1 1 0 1 1 0 1 0 1 0 0 0 1 0 1 1 0 1 1 0
 0 0 0 0 0 1 0 0 0 1 0 0 0 0 0 0 1 0 0 0 0 1 0 0 1 0 1 2 0 0 0 0 0 1 1 1 1
 1 1 1 1 1 1 1 0 0 0 0 0 0 1 1 0 1 0 0 0 0 0 0 0 1 0 0 0 1 0 0 0 1 0 0 0 0
 0 1 1 1 0 0 0 0 1 1 1 0 0 0 0 0 0 0 0 2 1 0 0 0 0 1 0 1 0 0 0 1 0 0 1 1 0
 0 0 1 1 0 0 0 1 0 1 1 1 0 0 1 1 1 1 1 0 0 0 0 0 0 0 0 0 0 0 0 0 0 0 0 1 1
 0 0 1 1 1 1 1 1 1 1 0 1 0 1 1 0 0 1 0 1 1 1 1 1 1 0 0 0 1 1 1 1 0 1 1 1 1
 1 1 1 1 1 1 1 1 1 0 1 0 0 1 1 0 1 0 1 0 0 0 1 1 1 1 0 1 1 0 0 0 1 1 1 1 1
 1 0 1 1 1 0 1 1 1 1 1 1 1 1 1 1 1 1 1 1 1 0 1 1 1 1 1 1 1 1 1 0 1 1 0 1 0
 0 1 1 1 1 1 1 1 0 1 1 1 1 1 1 1 1 1 1 1 1 1 1 0 1 1 1 1 1 1 1 1 0 1 1 0 1
 1 1 0 1 0 0 1 1 0 0 1 0 1 1 1 1 0 1 1 1 0 1 0 1 0 1 1 1 1 1 0 0 1 1 1 1 0
 1 1 1 0 1 1 1 1 1 1 0 1 0 1 1 1 1 1 1 1 1 1 1 1 0 0 1 1 1 0 1 1 1 1 1 0 1
 1 1 1 0 1 1 1 0 0 1 1 1 0 1 1 0 0 0 1 1 1 1 1 1 0 1 0 1 1 1 0 1 0 1 1 1 1
 2 0 1]
{'accuracy': 0.6666666666666666, 'precision': 0.5538452217841531, 'Recall': 0.47575607039094364, 'F1': 0.4779568022033776, 'AUC': 0.7211457140159213, 'Confusion_matrix': array([[0.63387978, 0.35519126, 0.01092896],
       [0.25206612, 0.74793388, 0.        ],
       [0.22727273, 0.72727273, 0.04545455]])}
mcc	 0.35524833478554235
