accuracy   0.7002237136465325
precision   0.756513926325247
Recall   0.5768414397326469
F1   0.6209719701552733
AUC   0.8207072417714607
Confusion_matrix   [[0.60655738 0.39344262 0.        ]
 [0.19008264 0.80578512 0.00413223]
 [0.09090909 0.59090909 0.31818182]]
[1 0 1 1 1 1 1 1 1 1 1 1 1 0 0 0 1 1 1 2 0 0 1 1 0 0 0 0 0 1 0 1 0 0 1 1 1
 1 1 0 0 1 0 1 0 1 1 0 1 0 0 1 1 1 0 1 1 1 1 1 1 1 1 0 2 1 1 1 0 0 1 1 0 1
 0 1 1 0 0 0 1 1 0 1 1 1 0 1 1 0 0 1 0 0 1 1 1 2 1 2 1 1 0 0 1 1 1 0 0 1 1
 1 0 1 1 0 1 0 0 1 0 1 0 1 0 0 1 1 1 0 1 1 1 1 0 1 1 1 1 1 1 1 0 1 1 0 0 0
 1 0 0 1 1 1 0 1 1 1 0 1 1 0 0 0 1 1 0 1 1 0 1 1 0 1 1 0 1 1 1 1 1 0 0 1 0
 1 1 1 1 0 1 0 1 0 0 1 0 0 1 1 1 0 1 1 1 1 1 0 1 1 0 0 0 1 1 0 1 1 0 1 0 1
 0 0 1 0 0 1 0 0 0 0 1 1 1 0 1 1 1 0 1 0 0 1 1 1 1 1 1 1 1 0 0 1 1 0 1 1 1
 1 1 0 1 1 1 1 1 0 0 1 0 0 0 1 1 1 1 1 1 1 0 0 1 1 0 1 0 1 0 1 2 1 1 1 1 0
 0 1 1 0 1 2 1 1 0 1 0 1 0 1 0 0 0 1 1 0 1 1 1 1 1 1 0 1 0 1 1 0 1 1 1 1 0
 0 1 1 1 1 1 0 0 2 1 1 0 1 1 1 1 0 0 0 0 1 1 1 1 1 0 1 1 1 1 1 0 1 1 1 0 1
 0 1 1 1 1 1 1 1 0 0 0 0 1 1 1 1 0 1 1 1 1 1 1 0 1 0 1 1 0 1 1 1 1 1 0 0 1
 0 0 1 0 1 1 1 1 0 1 0 1 1 0 1 0 0 0 0 0 1 1 1 1 1 1 0 1 0 1 0 1 1 1 1 1 2
 1 0 1]
{'accuracy': 0.7002237136465325, 'precision': 0.756513926325247, 'Recall': 0.5768414397326469, 'F1': 0.6209719701552733, 'AUC': 0.8207072417714607, 'Confusion_matrix': array([[0.60655738, 0.39344262, 0.        ],
       [0.19008264, 0.80578512, 0.00413223],
       [0.09090909, 0.59090909, 0.31818182]])}
mcc	 0.4223874422260791
