accuracy   0.697986577181208
precision   0.7131917098445596
Recall   0.537845769409577
F1   0.5691436715976593
AUC   0.809788688400744
Confusion_matrix   [[0.74895397 0.25104603 0.        ]
 [0.31770833 0.67708333 0.00520833]
 [0.625      0.1875     0.1875    ]]
[1 0 1 1 1 0 0 0 0 1 1 1 1 1 0 0 0 1 2 0 0 1 0 1 0 0 1 1 1 1 1 0 0 0 0 1 0
 0 1 0 1 1 0 1 1 0 1 0 0 1 1 1 1 1 1 1 1 1 0 0 1 0 1 0 0 0 0 1 0 0 1 0 0 1
 1 1 0 0 0 0 0 0 1 1 1 0 0 1 0 1 0 0 0 0 1 1 1 0 1 1 1 1 0 1 0 0 0 1 0 1 1
 0 1 0 1 0 0 1 1 1 0 1 0 0 0 0 0 0 0 0 0 1 1 0 0 1 0 0 1 1 1 1 0 0 0 0 0 1
 0 2 0 0 0 0 1 2 1 0 0 0 1 0 1 1 1 0 0 0 1 1 1 0 0 1 0 1 0 0 0 1 0 0 0 1 0
 0 0 1 0 1 0 1 1 0 0 0 1 0 0 0 1 1 0 0 1 0 0 1 0 0 0 0 0 1 0 1 0 1 0 1 0 0
 1 0 1 0 0 0 1 0 0 0 0 1 1 0 1 0 1 1 1 1 1 1 0 0 0 0 1 1 0 1 0 1 0 1 0 1 1
 1 0 1 1 1 1 0 1 1 0 1 1 0 0 1 0 0 0 1 1 0 0 1 0 1 1 1 1 0 1 0 1 1 1 1 0 0
 1 0 0 1 0 0 1 0 0 1 0 0 0 0 1 0 1 1 0 0 0 1 1 1 1 0 0 0 1 0 0 1 0 0 0 1 0
 1 1 2 0 0 1 1 0 1 0 0 1 0 1 1 1 0 0 0 0 0 1 1 1 0 1 0 1 0 1 0 1 1 1 1 1 0
 0 0 0 0 1 0 0 0 1 1 0 0 0 1 1 0 1 1 0 0 0 0 0 0 1 0 1 0 1 0 0 0 1 0 0 0 0
 0 0 0 0 0 0 0 0 0 1 0 1 1 0 1 0 0 0 0 1 0 0 1 1 0 0 1 0 1 0 0 1 0 1 0 0 0
 0 0 0]
{'accuracy': 0.697986577181208, 'precision': 0.7131917098445596, 'Recall': 0.537845769409577, 'F1': 0.5691436715976593, 'AUC': 0.809788688400744, 'Confusion_matrix': array([[0.74895397, 0.25104603, 0.        ],
       [0.31770833, 0.67708333, 0.00520833],
       [0.625     , 0.1875    , 0.1875    ]])}
mcc	 0.41446394444568707
