accuracy   0.7404921700223713
precision   0.7300405132530736
Recall   0.7042385828582001
F1   0.7125268949659195
AUC   0.8648031150418719
Confusion_matrix   [[0.58208955 0.12686567 0.29104478]
 [0.19811321 0.63207547 0.16981132]
 [0.06280193 0.03864734 0.89855072]]
[1 1 2 2 2 1 2 2 0 0 0 2 1 2 1 2 2 1 2 1 2 1 1 2 2 0 2 0 2 2 2 2 1 2 2 0 0
 2 2 1 2 2 1 2 0 0 1 0 0 1 1 2 0 2 2 0 0 0 2 2 0 1 2 2 2 0 2 2 0 0 2 0 2 2
 2 0 2 1 2 2 2 0 2 2 1 2 0 2 2 2 2 0 0 0 1 1 0 1 2 1 2 2 0 2 1 2 0 1 2 1 1
 2 1 0 2 2 2 1 2 2 1 0 0 2 0 0 2 0 0 0 1 2 0 1 1 1 1 0 2 1 0 0 2 2 2 2 2 2
 0 2 2 0 2 2 2 1 1 0 2 0 2 2 2 2 2 1 2 0 2 2 0 2 1 2 1 1 0 0 2 2 0 0 1 2 2
 2 2 0 0 0 1 2 0 1 0 2 2 0 2 2 2 0 2 2 1 1 2 2 0 1 0 1 2 2 2 2 1 2 2 1 2 2
 2 1 0 2 2 1 2 2 2 0 1 0 0 2 2 2 1 2 2 1 0 2 0 0 1 0 2 2 0 2 2 2 2 1 0 2 2
 2 2 2 2 1 2 0 2 1 2 2 2 1 1 0 2 2 2 0 0 0 2 2 0 2 0 1 2 0 2 2 0 2 2 2 0 1
 1 2 1 2 2 1 2 2 0 1 2 2 2 2 2 2 2 2 0 2 2 0 2 2 1 2 2 0 2 2 1 2 0 1 2 2 2
 2 2 1 2 1 0 0 1 0 2 2 1 1 2 1 1 2 2 2 2 2 1 1 2 0 2 2 2 2 0 0 0 2 2 1 2 0
 0 1 2 2 2 0 2 0 2 1 2 2 2 2 2 2 2 2 2 2 0 2 2 1 2 2 2 2 0 1 2 2 2 2 0 2 2
 2 2 0 2 0 0 2 0 1 0 0 2 0 2 0 2 1 2 1 2 2 0 1 2 1 2 0 1 2 2 2 1 0 0 2 2 2
 1 0 2]
{'accuracy': 0.7404921700223713, 'precision': 0.7300405132530736, 'Recall': 0.7042385828582001, 'F1': 0.7125268949659195, 'AUC': 0.8648031150418719, 'Confusion_matrix': array([[0.58208955, 0.12686567, 0.29104478],
       [0.19811321, 0.63207547, 0.16981132],
       [0.06280193, 0.03864734, 0.89855072]])}
mcc	 0.5893201110775363
