accuracy   0.6644295302013423
precision   0.6074476174383238
Recall   0.4730464104532659
F1   0.4763674857256725
AUC   0.721587402270914
Confusion_matrix   [[0.61748634 0.         0.38251366]
 [0.22727273 0.04545455 0.72727273]
 [0.23966942 0.00413223 0.75619835]]
[0 0 0 2 2 0 2 2 0 2 0 0 0 2 0 2 2 2 2 0 2 2 0 2 0 2 0 0 0 2 0 2 2 0 2 2 0
 0 0 0 0 0 2 0 0 0 2 0 0 0 0 0 0 2 0 0 0 0 2 0 0 2 0 2 0 0 0 2 0 0 2 2 2 2
 2 2 2 2 2 2 2 2 0 0 0 0 0 2 2 0 2 2 0 0 0 0 0 0 2 0 2 0 2 0 0 0 2 0 0 0 0
 0 2 2 2 2 0 0 0 2 2 2 0 0 0 0 0 0 0 0 0 2 0 0 0 0 2 0 2 0 0 0 2 0 0 2 2 0
 0 0 2 2 0 0 0 2 0 2 2 2 0 0 2 2 2 2 2 0 0 0 0 0 0 0 0 0 0 0 0 0 0 0 0 2 2
 2 2 2 2 0 2 0 2 2 2 0 2 0 2 2 2 2 1 0 2 2 2 0 0 2 2 2 2 2 2 2 2 0 2 0 2 2
 0 0 2 0 2 2 2 2 2 2 0 0 2 2 2 2 2 0 2 2 2 2 2 2 2 2 2 2 2 2 2 0 2 0 0 2 2
 0 2 0 2 2 0 0 2 2 2 2 0 2 2 0 0 0 2 2 2 2 2 2 0 2 2 2 0 2 2 2 2 2 2 2 2 2
 2 2 2 2 2 2 0 2 2 2 2 2 2 2 2 2 0 2 2 0 2 0 0 2 2 2 2 2 2 2 0 2 2 2 2 2 2
 2 2 2 2 2 2 2 2 0 2 2 2 2 2 2 2 2 0 2 2 0 2 2 2 0 2 0 0 2 2 0 0 2 0 2 2 2
 2 0 2 2 2 0 1 0 2 0 2 2 2 2 2 0 0 2 2 2 2 0 2 2 2 0 2 2 2 2 2 2 0 2 0 2 2
 2 2 2 2 2 2 2 2 2 0 0 2 2 2 0 2 2 2 2 2 0 2 2 2 2 2 2 2 2 0 0 2 2 2 0 2 2
 0 0 0]
{'accuracy': 0.6644295302013423, 'precision': 0.6074476174383238, 'Recall': 0.4730464104532659, 'F1': 0.4763674857256725, 'AUC': 0.721587402270914, 'Confusion_matrix': array([[0.61748634, 0.        , 0.38251366],
       [0.22727273, 0.04545455, 0.72727273],
       [0.23966942, 0.00413223, 0.75619835]])}
mcc	 0.3480798119077728
