accuracy   0.7248322147651006
precision   0.7474845842783916
Recall   0.5757278591352859
F1   0.6134826011875192
AUC   0.8617246974517666
Confusion_matrix   [[0.25       0.25       0.5       ]
 [0.00520833 0.703125   0.29166667]
 [0.         0.22594142 0.77405858]]
[1 2 2 2 1 2 1 1 2 1 2 2 1 1 1 2 2 2 1 1 2 2 1 2 1 1 2 2 2 2 2 2 1 2 2 2 2
 1 1 1 2 2 2 1 2 1 2 2 1 2 1 2 2 2 1 1 1 2 2 1 2 1 1 2 2 1 2 1 2 1 1 2 1 1
 0 2 2 1 1 1 2 1 1 2 1 1 1 2 2 1 2 1 1 2 2 2 2 1 2 2 2 1 1 2 2 2 2 0 2 1 2
 2 2 1 2 2 1 2 2 1 2 2 1 2 2 1 1 2 2 1 1 1 1 1 1 2 2 2 2 1 1 1 1 1 2 1 1 1
 1 1 2 0 2 2 2 1 2 1 2 1 1 1 2 2 2 1 2 1 2 1 1 1 2 2 2 2 1 2 1 2 2 2 2 2 2
 2 2 2 1 1 2 2 1 1 1 1 2 1 2 1 2 2 2 1 2 1 1 2 2 1 1 1 2 1 1 2 2 2 1 2 2 2
 2 2 1 2 1 2 2 2 1 1 2 2 2 2 2 2 2 1 1 2 1 1 2 1 2 1 1 2 2 1 2 1 2 1 1 1 2
 2 1 1 2 2 2 1 2 1 2 2 1 2 2 1 2 2 1 2 2 1 2 2 1 2 2 1 1 1 2 1 2 2 1 1 2 1
 2 2 1 2 2 1 2 1 1 2 2 2 2 2 0 2 2 2 1 2 1 1 1 2 2 1 2 1 2 2 2 1 2 1 1 2 2
 2 2 1 2 2 1 2 2 1 1 2 2 2 1 1 1 1 1 2 1 1 1 1 1 2 2 2 0 2 2 2 2 1 1 1 2 1
 2 2 1 2 1 2 1 2 2 2 2 1 2 1 1 1 1 1 1 2 2 1 1 1 2 1 1 1 2 1 2 1 2 2 1 2 2
 1 1 2 2 1 1 1 2 2 1 2 2 2 2 1 1 2 2 2 1 1 2 2 2 2 2 2 2 2 2 2 2 2 2 2 1 2
 2 2 1]
{'accuracy': 0.7248322147651006, 'precision': 0.7474845842783916, 'Recall': 0.5757278591352859, 'F1': 0.6134826011875192, 'AUC': 0.8617246974517666, 'Confusion_matrix': array([[0.25      , 0.25      , 0.5       ],
       [0.00520833, 0.703125  , 0.29166667],
       [0.        , 0.22594142, 0.77405858]])}
mcc	 0.4676847204096976
