accuracy   0.6420581655480985
precision   0.7572096428973752
Recall   0.47082599467100206
F1   0.48703242378596295
AUC   0.7532437229632731
Confusion_matrix   [[0.59016393 0.40983607 0.        ]
 [0.26859504 0.73140496 0.        ]
 [0.13636364 0.77272727 0.09090909]]
[0 0 1 1 1 1 1 1 1 1 1 1 1 0 0 1 1 1 1 1 0 0 1 1 0 0 0 0 0 1 1 0 0 0 1 1 1
 0 1 0 0 1 0 1 0 1 1 1 1 0 0 1 1 1 1 1 1 1 1 1 1 0 1 1 0 1 1 1 0 0 1 1 0 1
 0 1 1 0 0 0 1 1 0 0 0 1 1 1 1 0 1 0 0 0 1 1 1 1 1 1 1 1 1 0 0 1 1 0 0 1 1
 1 0 1 1 0 1 0 0 1 0 1 0 1 0 0 1 0 0 0 1 1 1 1 0 1 1 1 0 1 0 0 1 1 0 0 0 0
 1 0 0 1 1 1 0 1 1 1 0 1 1 0 1 0 1 1 1 1 1 0 1 1 0 0 0 0 1 1 1 1 1 0 0 1 0
 1 1 1 1 0 0 0 1 0 0 1 0 0 1 1 1 0 1 1 1 1 1 0 1 1 1 0 0 1 1 0 1 1 1 1 0 1
 0 0 1 0 0 1 0 1 0 0 1 1 0 0 0 0 1 0 1 1 0 1 0 1 1 1 0 1 1 0 1 1 0 1 0 0 1
 1 1 0 0 1 1 1 1 0 0 1 0 1 1 1 0 1 1 1 0 1 0 0 1 1 0 1 1 1 0 1 1 1 0 1 1 0
 0 1 1 0 1 2 1 0 0 1 0 1 0 1 0 0 0 1 0 0 1 1 1 1 1 0 1 1 0 1 1 0 1 1 1 1 0
 0 0 1 1 0 1 0 0 1 1 1 1 1 1 1 1 0 0 0 1 1 1 1 1 1 0 1 1 1 1 1 0 1 1 1 0 1
 0 1 1 1 1 1 1 1 0 0 0 0 0 1 0 1 1 1 1 1 1 0 1 0 1 0 1 1 1 0 1 1 0 1 0 0 1
 0 0 1 0 1 1 1 1 0 1 0 1 1 1 0 0 0 0 0 0 1 0 0 1 1 1 0 1 0 1 0 1 1 1 0 1 2
 1 1 1]
{'accuracy': 0.6420581655480985, 'precision': 0.7572096428973752, 'Recall': 0.47082599467100206, 'F1': 0.48703242378596295, 'AUC': 0.7532437229632731, 'Confusion_matrix': array([[0.59016393, 0.40983607, 0.        ],
       [0.26859504, 0.73140496, 0.        ],
       [0.13636364, 0.77272727, 0.09090909]])}
mcc	 0.3041385325938203
