accuracy   0.7718120805369127
precision   0.7744344932563986
Recall   0.6984433223822019
F1   0.7173055187542353
AUC   0.8810748330818668
Confusion_matrix   [[0.42105263 0.35526316 0.22368421]
 [0.03686636 0.87557604 0.0875576 ]
 [0.00649351 0.19480519 0.7987013 ]]
[1 2 1 1 1 1 1 1 2 0 1 1 1 2 1 2 1 1 1 1 1 2 1 2 0 0 2 2 2 2 1 1 2 2 1 2 1
 2 0 1 1 0 1 1 1 1 1 2 2 2 1 2 2 1 2 1 1 2 1 1 1 2 0 0 1 0 1 1 2 1 1 1 2 2
 1 2 1 1 1 2 1 2 1 2 1 1 2 1 0 1 0 1 2 2 0 1 1 1 1 2 1 2 1 1 2 1 2 2 1 1 0
 1 2 0 2 1 1 2 1 2 2 1 1 1 2 1 1 1 2 0 0 2 1 1 2 1 1 1 1 2 1 2 0 1 2 1 2 2
 1 1 2 2 2 1 0 1 1 1 1 2 2 2 2 1 0 1 1 1 1 1 2 1 1 2 1 2 2 1 2 1 2 1 1 1 1
 1 2 1 1 1 1 1 1 1 1 0 1 1 1 2 1 2 0 1 1 0 1 1 1 1 1 2 1 1 1 1 1 1 1 2 1 2
 0 1 1 2 1 0 1 1 1 1 0 2 2 1 1 1 1 1 1 2 2 2 1 1 1 1 2 1 1 2 1 1 1 2 1 2 2
 1 0 1 1 2 2 2 2 2 1 0 1 2 1 2 2 1 1 1 2 1 2 0 1 0 1 2 1 2 2 1 1 1 1 1 2 2
 2 2 0 1 1 1 2 1 2 2 2 2 1 1 2 1 1 2 1 1 1 1 1 1 2 0 2 2 0 0 2 2 1 1 1 1 1
 2 2 1 1 0 2 1 1 2 1 1 2 1 0 0 1 1 1 2 1 1 1 0 0 1 1 2 2 2 1 1 2 2 2 1 2 2
 2 2 2 1 2 2 1 2 1 0 1 1 1 2 1 2 2 2 1 2 1 2 2 1 2 2 2 1 2 1 2 2 1 1 2 1 1
 1 1 2 1 1 2 1 2 2 2 2 1 0 1 2 1 2 2 1 2 2 2 1 1 1 2 1 1 1 1 0 0 1 1 1 2 1
 1 1 2]
{'accuracy': 0.7718120805369127, 'precision': 0.7744344932563986, 'Recall': 0.6984433223822019, 'F1': 0.7173055187542353, 'AUC': 0.8810748330818668, 'Confusion_matrix': array([[0.42105263, 0.35526316, 0.22368421],
       [0.03686636, 0.87557604, 0.0875576 ],
       [0.00649351, 0.19480519, 0.7987013 ]])}
mcc	 0.6219518236152897
