accuracy   0.6733780760626398
precision   0.7795357079567605
Recall   0.4781119691700913
F1   0.4823325368645928
AUC   0.7211501616900614
Confusion_matrix   [[0.61202186 0.38797814 0.        ]
 [0.2231405  0.7768595  0.        ]
 [0.22727273 0.72727273 0.04545455]]
[0 0 0 1 1 1 1 1 0 1 0 0 0 1 0 1 1 1 1 0 1 1 0 1 0 1 0 0 0 1 0 1 1 0 1 1 0
 0 0 0 0 0 1 0 0 0 1 0 0 0 0 0 0 1 0 0 0 0 1 0 0 1 0 1 0 0 0 0 0 0 1 1 1 1
 1 1 1 1 1 1 1 1 1 0 0 0 0 1 1 0 1 1 0 0 0 0 0 0 1 0 1 0 1 0 0 0 1 0 0 0 1
 0 1 1 1 0 0 0 0 1 1 1 0 0 0 0 0 0 0 0 0 1 0 0 0 0 1 0 1 0 0 0 1 0 0 1 1 0
 0 0 1 1 0 0 0 1 0 1 1 1 0 0 1 1 1 1 1 0 0 0 0 0 0 0 0 0 0 0 0 0 0 0 0 1 1
 0 0 1 1 1 1 1 1 1 1 0 1 0 1 1 0 0 1 0 1 1 1 1 1 1 1 0 1 1 1 1 1 0 1 1 1 1
 1 1 1 1 1 1 1 1 1 0 1 0 0 1 1 0 1 0 1 1 0 0 1 1 1 1 0 1 1 0 0 0 1 1 1 1 1
 1 0 1 1 1 0 1 1 1 1 1 1 1 1 1 1 1 1 1 1 1 0 1 1 1 1 1 1 1 1 1 0 1 1 0 1 1
 1 1 1 1 1 1 1 1 0 1 1 1 1 1 1 1 1 1 1 1 1 1 1 0 1 1 1 1 1 1 1 1 0 1 1 0 1
 1 1 0 1 0 0 1 1 0 0 1 0 1 1 1 1 0 1 1 1 0 1 0 1 0 1 1 1 1 1 0 0 1 1 1 1 0
 1 1 1 0 1 1 1 1 1 1 0 1 0 1 1 1 1 1 1 1 1 1 1 1 0 0 1 1 1 0 1 1 1 1 1 0 1
 1 1 1 1 1 1 1 0 0 1 1 1 0 1 1 0 0 1 1 1 1 1 1 1 0 1 0 1 1 1 0 1 0 1 1 1 1
 2 0 1]
{'accuracy': 0.6733780760626398, 'precision': 0.7795357079567605, 'Recall': 0.4781119691700913, 'F1': 0.4823325368645928, 'AUC': 0.7211501616900614, 'Confusion_matrix': array([[0.61202186, 0.38797814, 0.        ],
       [0.2231405 , 0.7768595 , 0.        ],
       [0.22727273, 0.72727273, 0.04545455]])}
mcc	 0.3634800922426309
