accuracy   0.7069351230425056
precision   0.7169746821920735
Recall   0.6073780492286435
F1   0.6138941818455003
AUC   0.8098565170782003
Confusion_matrix   [[0.22368421 0.53947368 0.23684211]
 [0.02304147 0.83870968 0.13824885]
 [0.00649351 0.23376623 0.75974026]]
[1 2 1 1 2 1 1 0 2 1 1 1 1 2 1 2 1 1 1 2 2 2 1 2 1 1 1 2 1 2 1 1 2 2 1 2 1
 2 1 1 1 0 2 1 1 1 1 2 2 2 1 1 2 1 2 1 1 2 1 1 1 2 1 0 1 1 1 1 2 1 1 1 2 2
 1 2 1 1 1 2 2 2 1 2 1 1 2 1 0 1 1 1 2 2 0 1 1 1 1 2 1 2 1 1 2 1 2 2 1 1 1
 1 2 0 2 1 1 2 2 2 1 2 1 1 2 1 1 1 1 1 1 2 1 1 2 1 1 1 1 2 2 2 1 1 2 1 2 2
 1 1 2 2 2 1 1 1 1 1 1 2 2 2 2 1 2 1 1 1 1 1 2 1 1 2 1 2 2 1 1 1 2 1 2 1 0
 1 2 1 1 1 1 1 1 1 1 2 1 1 1 2 1 2 0 1 1 1 1 1 1 1 1 2 1 1 1 1 1 1 1 2 1 2
 0 1 1 2 1 0 1 1 1 1 0 1 2 1 1 1 2 1 2 2 2 1 1 0 1 1 2 1 1 2 1 1 0 1 1 2 2
 1 0 1 2 2 2 2 2 1 1 1 1 2 1 2 2 1 1 1 2 1 2 1 1 1 1 2 1 2 2 1 1 1 1 1 1 2
 2 2 0 1 1 1 2 1 2 2 2 2 1 1 2 1 1 2 1 1 2 1 1 1 2 0 2 2 0 1 2 2 1 1 1 1 1
 2 1 1 1 2 1 1 1 2 2 1 2 1 1 0 1 1 1 2 1 1 1 1 1 1 1 2 2 2 2 1 2 2 2 1 2 2
 2 2 1 2 1 2 1 2 1 0 1 1 1 2 1 2 2 2 2 2 2 2 2 1 2 2 2 1 2 1 2 2 2 1 2 1 1
 0 1 2 1 1 1 1 2 2 2 2 1 0 1 1 1 2 2 1 2 2 2 1 1 2 2 0 1 1 1 0 1 1 1 1 2 1
 1 1 2]
{'accuracy': 0.7069351230425056, 'precision': 0.7169746821920735, 'Recall': 0.6073780492286435, 'F1': 0.6138941818455003, 'AUC': 0.8098565170782003, 'Confusion_matrix': array([[0.22368421, 0.53947368, 0.23684211],
       [0.02304147, 0.83870968, 0.13824885],
       [0.00649351, 0.23376623, 0.75974026]])}
mcc	 0.5089972999088761
