accuracy   0.6890380313199105
precision   0.6925412412771714
Recall   0.648283334735731
F1   0.6598574361037289
AUC   0.7986972350737483
Confusion_matrix   [[0.49494949 0.31313131 0.19191919]
 [0.08053691 0.59060403 0.32885906]
 [0.02512563 0.11557789 0.85929648]]
[0 2 2 1 0 1 1 0 2 2 1 0 0 0 2 0 0 0 0 0 2 0 0 0 2 2 2 0 1 0 1 0 0 0 0 1 2
 1 2 0 1 2 1 2 1 0 1 1 1 0 1 0 0 0 0 1 0 0 1 0 1 1 2 0 1 0 1 2 0 1 0 0 1 1
 1 0 0 2 0 0 1 1 0 0 1 2 0 0 0 0 2 1 2 1 0 0 0 1 0 1 2 2 2 2 0 2 2 0 1 1 2
 2 1 1 2 1 0 2 1 2 2 1 1 2 1 2 2 1 2 2 1 1 1 0 1 1 1 1 2 1 1 1 1 1 2 1 1 1
 1 1 1 2 2 1 1 2 1 1 1 1 1 1 2 1 2 2 1 1 1 0 2 2 1 2 1 1 2 1 1 2 1 2 1 1 0
 2 1 2 1 1 1 1 1 2 1 1 1 2 2 2 2 1 2 2 1 1 2 0 2 1 2 0 0 1 1 1 0 1 1 1 1 1
 1 1 1 1 1 1 2 1 1 1 0 1 1 2 1 1 0 1 1 2 2 1 2 2 1 1 2 2 2 2 2 1 2 2 2 2 2
 1 2 1 2 2 2 2 2 1 2 2 1 2 2 2 1 1 2 2 2 2 2 2 1 2 2 2 2 2 1 2 2 2 2 2 2 2
 2 1 2 2 2 2 2 2 2 0 2 2 2 2 2 1 2 2 2 2 0 2 2 2 2 2 2 2 2 2 2 2 2 2 2 2 2
 2 2 2 2 2 2 2 2 2 2 2 2 2 2 2 1 2 2 2 0 2 2 2 2 2 2 2 2 2 2 2 1 2 1 2 2 1
 2 2 2 2 2 2 2 2 2 2 1 2 2 2 2 2 2 2 2 2 2 2 1 2 1 1 2 0 2 2 2 2 2 2 2 2 2
 2 1 2 2 2 2 2 2 2 2 2 2 2 2 2 2 0 2 2 2 2 2 2 2 2 2 1 2 2 2 1 2 2 2 2 2 2
 2 2 1]
{'accuracy': 0.6890380313199105, 'precision': 0.6925412412771714, 'Recall': 0.648283334735731, 'F1': 0.6598574361037289, 'AUC': 0.7986972350737483, 'Confusion_matrix': array([[0.49494949, 0.31313131, 0.19191919],
       [0.08053691, 0.59060403, 0.32885906],
       [0.02512563, 0.11557789, 0.85929648]])}
mcc	 0.5071547750251977
