accuracy   0.6778523489932886
precision   0.45205032783980154
Recall   0.4684249348928932
F1   0.45899674713234034
AUC   0.7231461409926387
Confusion_matrix   [[0.6284153  0.00546448 0.36612022]
 [0.09090909 0.         0.90909091]
 [0.2231405  0.         0.7768595 ]]
[2 2 2 2 0 0 2 2 0 2 0 2 0 0 2 2 0 2 0 2 0 2 0 2 0 2 2 2 2 0 2 2 2 2 2 2 2
 2 2 2 0 2 0 0 2 2 2 2 2 2 2 2 2 2 2 2 2 0 2 2 0 2 0 2 0 2 2 2 2 2 0 0 2 0
 0 2 2 2 2 0 2 0 0 0 2 2 2 2 2 2 2 0 0 0 2 0 2 2 2 0 2 2 0 0 0 2 2 2 2 0 2
 2 2 0 2 0 0 2 2 0 2 0 0 0 2 2 2 0 2 0 0 2 0 2 2 0 0 2 2 2 0 0 2 2 2 2 0 2
 0 0 1 2 2 0 0 2 0 0 2 2 0 0 0 0 0 0 0 0 2 0 2 2 0 2 2 2 2 0 2 2 2 2 2 2 2
 0 0 0 2 2 2 2 2 0 0 0 0 2 0 0 0 2 2 0 2 0 0 2 2 2 0 0 0 2 2 2 2 0 2 0 2 2
 0 2 2 0 0 0 0 2 2 2 2 0 2 2 2 2 0 2 2 2 0 2 2 2 2 0 2 0 2 2 0 0 2 2 0 0 2
 2 2 2 2 0 0 2 2 2 2 2 2 2 2 2 2 2 0 2 2 2 2 2 0 2 0 0 2 0 2 2 2 0 0 2 2 0
 2 0 0 0 2 2 2 2 0 2 0 2 2 0 0 2 2 2 2 0 2 0 2 2 2 0 2 0 0 2 2 0 2 2 0 2 2
 0 2 2 2 2 2 2 0 0 0 0 0 2 2 0 2 2 2 2 2 2 0 0 2 2 2 0 2 2 2 2 2 0 2 2 0 2
 2 0 0 2 2 0 0 2 2 2 2 2 0 0 0 0 2 2 0 0 0 0 0 2 0 0 2 2 0 2 2 0 2 0 0 2 2
 2 0 2 0 2 0 2 2 0 2 2 2 2 0 0 0 2 2 0 2 0 0 0 2 2 0 0 2 2 2 2 0 2 2 2 2 2
 2 2 0]
{'accuracy': 0.6778523489932886, 'precision': 0.45205032783980154, 'Recall': 0.4684249348928932, 'F1': 0.45899674713234034, 'AUC': 0.7231461409926387, 'Confusion_matrix': array([[0.6284153 , 0.00546448, 0.36612022],
       [0.09090909, 0.        , 0.90909091],
       [0.2231405 , 0.        , 0.7768595 ]])}
mcc	 0.37233869325852187
