832
833
834
835
836
838
839
840
841
842
843
844
845
847
848
849
850
851
853
855
856
860
861
862
863
866
871
872
873
874
876
878
879
880
881
885
888
889
890
891
893
895
898
899
900
901
903
904
906
909
910
911
912
915
918
920
921
923
929
930
932
935
936
937
941
942
944
945
946
947
949
951
955
956
957
958
960
963
964
965
966
968
969
972
973
978
981
982
984
986
989
991
992
993
994
995
996
1001
1004
1008
1009
1015
1016
1018
1019
1021
1025
1027
1028
1029
1030
1033
1034
1035
1037
1039
1040
1044
1046
1048
1050
1052
1053
1054
1056
1057
1058
1059
1061
1062
1064
1070
1072
1074
1075
1076
1078
1079
1082
1083
1084
1088
1091
1094
1095
1097
1099
1100
1101
1106
1107
1109
1115
1118
1119
1121
1122
1123
1125
1128
1132
1133
1136
1140
1141
1142
1145
1146
1147
1149
1152
1153
1154
1155
1159
1160
1162
1163
1166
1168
1170
1171
1172
1174
1175
1179
1180
1181
1183
1184
1186
1187
1188
1189
1191
1195
1196
1197
1198
1199
1200
1201
1202
1203
1204
1205
1206
1207
1208
1210
1211
1212
1217
1218
1219
1220
1221
1223
1224
1225
1226
1228
1229
1232
1234
1235
1239
1240
1241
1242
1245
1246
1247
1248
1253
1254
1256
1257
1258
1261
1262
1263
1264
1265
1267
1269
1270
1271
1273
1276
1278
1279
1281
1282
1283
1286
1287
1291
1292
1294
1296
1297
1298
1299
1302
1303
1305
1306
1307
1308
1311
1313
1315
1316
1323
1324
1325
1326
1327
1328
1330
1331
1332
1333
1334
1338
1341
1342
1346
1348
1349
1353
1360
1362
1363
1364
1368
1369
1372
1375
1378
1379
1380
1382
1383
1384
1385
1386
1387
1388
1390
1392
1393
1394
1395
1396
1398
1399
1401
1402
1404
1406
1407
1412
1413
1414
1415
1417
1418
1419
1420
1421
1422
1427
1429
1432
1435
1439
1440
1442
1444
1445
1449
1450
1452
1454
1456
1458
1459
1461
1462
1465
1466
1467
1469
1470
1471
1474
1476
1479
1480
1483
1484
1487
1488
1489
1492
1496
1498
1499
1501
1502
1503
1504
1506
1508
1509
1511
1512
1514
1523
1526
1528
1529
1532
1536
1537
1543
1545
1546
1547
1550
1551
1552
1553
1555
1556
1558
1559
1560
1562
1567
1570
1571
1574
1575
1576
1577
1578
1579
1581
1584
1586
1587
1589
1590
1592
1595
1597
1599
1601
1602
1605
1606
1610
1612
1613
1614
1615
1616
1619
1622
1623
1626
1627
1629
1630
1635
1637
1639
1641
1644
1646
1647
1649
1650
1653
1654
1655
1656
1660
1664
1665
1666
1667
1668
1671
1681
1682
1683
1685
1687
1689
1690
1691
1692
1693
1695
1696
1698
1699
1700
1701
1702
1704
1705
1706
1708
1715
1716
1717
1719
1721
1722
1724
1731
1733
1735
1737
1738
1744
1748
1750
1751
1753
1754
1756
1758
1760
1761
1764
1765
1766
1768
1769
1770
1774
1778
1779
1781
1782
1784
1785
1786
1787
1788
1790
1791
1792
1793
1794
1796
1799
1800
1801
1802
1805
1806
1809
1810
1812
1813
1814
1816
1817
1818
1823
1824
1825
1826
1827
1829
1838
1839
1840
1842
1844
1846
1847
1848
1849
1850
1852
1855
1857
1858
1859
1861
1862
1863
1866
1867
1868
1870
1873
1874
1877
1878
1880
1882
1884
1885
1887
1888
1889
1891
1892
1895
1897
1900
1902
1903
1904
1907
1909
1910
1911
1913
1914
1917
1918
1919
1920
1921
1924
1925
1926
1927
1929
1931
1932
1933
1938
1939
1946
1947
1948
1952
1953
1955
1956
1957
1961
1962
1966
1967
1968
1969
1972
1973
1975
1976
1977
1979
1980
1981
1982
1983
1985
1986
1987
1988
1990
1991
1993
1995
1997
2001
2003
2006
2009
2013
2014
2016
2017
2020
2021
2022
2023
2024
2025
2026
2029
2030
2033
2035
2037
2040
2041
2045
2046
2047
2049
2050
2052
2053
2055
2057
2059
2064
2065
2067
2068
2071
2076
2078
2080
2082
2085
2087
2088
2090
2094
2097
2098
2099
2101
2102
2106
2107
2115
2117
2119
2120
2126
2132
2135
2136
2137
2140
2141
2144
2145
2149
2152
2153
2155
2156
2157
2158
2160
2162
2165
2167
2172
2176
2178
2179
2180
2183
2184
2186
2187
2189
2191
2193
2195
2196
2197
2198
2199
2204
2207
2210
2211
2212
2213
2214
2216
2217
2218
2219
2220
2223
2225
2226
2232
2234
2238
2239
2240
2241
2242
2243
2244
2245
2250
2254
2256
2258
2259
2260
2261
2267
2269
2274
2278
2280
2281
2284
2285
2286
2288
2293
2294
2295
2296
2297
2300
2302
2306
2307
2311
2314
2316
2319
2320
2321
2323
2325
2326
2327
2328
2329
2335
2337
2339
2341
2342
2344
2345
2347
2348
2351
2355
2356
2357
2359
2361
2363
2365
2366
2367
2368
2370
2373
2374
2375
2376
2377
2380
2382
2384
2385
2387
2388
2390
2392
2394
2396
2397
2399
2403
2407
2409
2410
2412
2413
2414
2415
2416
2418
2422
2425
2429
2430
2432
2435
2437
2438
2439
2440
2446
2451
2453
2459
2460
2461
2464
2467
2469
2471
2473
2476
2477
2480
2481
2483
2486
2488
2489
2490
2491
2495
2499
2502
2503
2504
2505
2506
2507
2512
2515
2516
2517
2521
2522
2523
2527
2529
2532
2533
2534
2537
2539
2540
2542
2544
2550
2552
2554
2556
2558
2559
2561
2569
2571
2572
2576
2577
2578
2579
2581
2584
2587
2589
2591
2594
2595
2596
2598
2603
2605
2606
2607
2608
2609
2610
2612
2615
2616
2617
2619
2620
2622
2624
2625
2630
2635
2637
2638
2641
2647
2651
2652
2656
2657
2661
2663
2664
2665
2666
2667
2668
2669
2670
2671
2672
2674
2676
2677
2685
2687
2689
2691
2694
2695
2696
2697
2698
2699
2700
2703
2707
2708
2710
2711
2713
2714
2715
2717
2720
2724
2728
2730
2732
2733
2735
2738
2740
2741
2742
2744
2745
2750
2751
2752
2753
2757
2758
2759
2760
2761
2762
2763
2764
2765
2766
2767
2768
2770
2774
2775
2776
2777
2778
2780
2782
2783
2784
2786
2787
2788
2789
2791
2792
2793
2796
2797
2798
2799
2800
2801
2803
2804
2805
2806
2807
2808
2809
2810
2811
2812
2813
2814
2818
2820
2821
2823
2824
2825
2829
2832
2833
2834
2840
2843
2847
2850
2851
2853
2854
2855
2859
2861
2863
2864
2867
2868
2869
2871
2872
2873
2874
2875
2876
2878
2879
2880
2881
2884
2886
2888
2892
2893
2895
2896
2897
2898
2899
2901
2902
2903
2905
2906
2907
2909
2910
2911
2913
2920
2921
2923
2924
2927
2929
2932
2933
2935
2936
2937
2939
2940
2941
2945
2946
2947
2949
2950
2952
2955
2959
2960
2962
2963
2964
2965
2966
2974
2975
2978
2980
2981
2983
2985
2987
2988
2991
2992
2997
3003
3004
3005
3007
3009
3010
3015
3016
3019
3021
3022
3023
3026
3027
3028
3029
3031
3032
3034
3036
3038
3039
3040
3042
3043
3046
3049
3050
3053
3056
3058
3060
3062
3066
3067
3068
3069
3071
3073
3074
3077
3078
3080
3083
3084
3085
3086
3087
3089
3090
3091
3093
3095
3096
3098
3099
3100
3108
3111
3112
3113
3116
3117
3120
3121
3122
3123
3124
3125
3128
3131
3132
3135
3136
3141
3142
3143
3149
3151
3159
3160
3161
3163
3165
3168
3173
3176
3177
3180
3181
3183
3185
3186
3187
3191
3193
3194
3196
3197
3198
3199
3202
3208
3210
3215
3216
3219
3222
3223
3224
3226
3227
3228
3232
3233
3234
3236
3237
3240
3241
3244
3246
3248
3249
3253
3254
3255
3257
3264
3266
3267
3268
3272
3273
3275
3278
3279
3281
3282
3283
3284
3285
3286
3287
3288
3289
3290
3291
3292
3294
3296
3299
3302
3304
3305
3308
3309
3310
3314
3315
3316
3319
3320
3322
3323
3325
3330
3334
3336
3337
3339
3340
3342
3344
3346
3349
3350
3353
3354
3357
3359
3360
3361
3362
3364
3365
3370
3373
3375
3382
3383
3384
3386
3387
3389
3391
3392
3394
3395
3397
3398
3399
3404
3405
3406
3408
3409
3413
3414
3415
3416
3418
1110
1114
1120
1126
1130
1157
1158
1213
1215
1222
1238
1244
1300
1355
1409
1426
1434
1437
1460
1477
1481
1490
1494
1495
1515
1520
1568
1598
1611
1632
1634
1636
1640
1648
1651
1686
1713
1728
1819
1836
1853
1860
2012
2051
2110
2127
2128
2154
2202
2206
2222
2246
2292
2447
2450
2466
2484
2530
2549
2582
2627
2675
2678
2727
2754
2822
2828
2838
2852
2857
2866
2883
2885
2894
2972
2976
2984
2999
3002
3024
3082
3174
3204
3225
3243
3256
3338
3380
3390
3426
3435
3464
864
865
867
868
869
870
875
877
882
883
884
887
892
894
896
897
902
905
907
908
913
914
916
922
924
925
926
927
928
931
933
934
939
940
943
948
950
952
953
954
959
962
967
970
971
974
975
976
977
979
980
983
985
987
988
990
997
998
999
1000
1003
1005
1006
1007
1010
1011
1012
1013
1014
1017
1020
1022
1023
1024
1026
1031
1032
1036
1038
1041
1042
1043
1045
1047
1049
1051
1055
1060
1063
1065
1066
1067
1068
1069
1071
1080
1081
1085
1087
1089
1090
1092
1096
1098
1102
1103
1104
1105
1108
1111
1112
1113
1116
1117
1124
1127
1129
1131
1134
1135
1137
1138
1139
1143
1144
1148
1150
1151
1156
1161
1164
1165
1167
1169
1173
1176
1177
1178
1182
1185
1190
1192
1193
1194
1209
1214
1216
1227
1230
1231
1233
1236
1237
1243
1249
1250
1251
1252
1255
1259
1260
1266
1268
1272
1274
1275
1277
1280
1284
1285
1288
1289
1290
1293
1295
1301
1304
1309
1310
1312
1314
1317
1318
1319
1320
1321
1322
1329
1335
1336
1337
1339
1340
1343
1344
1345
1347
1350
1351
1352
1354
1356
1357
1358
1359
1361
1365
1366
1367
1370
1371
1373
1374
1376
1377
1381
1389
1391
1397
1400
1403
1405
1408
1410
1411
1416
1423
1424
1425
1428
1430
1431
1433
1436
1438
1441
1443
1446
1447
1448
1451
1453
1455
1457
1463
1464
1468
1472
1473
1475
1478
1482
1485
1486
1491
1493
1497
1500
1505
1507
1510
1513
1516
1517
1518
1519
1521
1522
1524
1525
1527
1530
1531
1533
1534
1535
1538
1539
1540
1541
1542
1544
1548
1549
1554
1557
1561
1563
1564
1565
1566
1569
1572
1573
1580
1582
1583
1585
1588
1591
1593
1594
1596
1600
1603
1604
1607
1608
1609
1617
1618
1620
1621
1624
1625
1628
1631
1633
1638
1642
1643
1645
1652
1657
1658
1659
1661
1662
1663
1669
1670
1672
1673
1674
1675
1676
1677
1678
1679
1680
1684
1688
1694
1697
1703
1707
1709
1710
1711
1712
1714
1718
1720
1723
1725
1726
1727
1729
1730
1732
1734
1736
1739
1740
1741
1742
1743
1745
1746
1747
1749
1752
1755
1757
1759
1762
1763
1767
1771
1772
1773
1775
1776
1777
1780
1783
1789
1795
1797
1798
1803
1804
1807
1808
1811
1815
1820
1821
1822
1828
1830
1831
1832
1833
1834
1835
1837
1841
1843
1845
1851
1854
1856
1864
1865
1869
1871
1872
1875
1876
1879
1881
1883
1886
1890
1893
1894
1896
1898
1899
1901
1905
1906
1908
1912
1915
1916
1922
1923
1928
1930
1934
1935
1936
1937
1940
1941
1942
1943
1944
1945
1949
1950
1951
1954
1958
1959
1960
1963
1964
1965
1970
1971
1974
1978
1984
1989
1992
1994
1996
1998
1999
2000
2002
2004
2005
2007
2008
2010
2011
2015
2018
2019
2027
2028
2031
2032
2034
2036
2038
2039
2042
2043
2044
2048
2054
2056
2058
2060
2061
2062
2063
2066
2069
2070
2072
2073
2074
2075
2077
2079
2081
2083
2084
2086
2089
2091
2092
2093
2095
2096
2100
2103
2104
2105
2108
2109
2111
2112
2113
2114
2116
2118
2121
2122
2123
2124
2125
2129
2130
2131
2133
2134
2138
2139
2142
2143
2146
2147
2148
2150
2151
2159
2161
2163
2164
2166
2168
2169
2170
2171
2173
2174
2175
2177
2181
2182
2185
2188
2190
2192
2194
2200
2201
2203
2205
2208
2209
2215
2221
2224
2227
2228
2229
2230
2231
2233
2235
2236
2237
2247
2248
2249
2251
2252
2253
2255
2257
2262
2263
2264
2265
2266
2268
2270
2271
2272
2273
2275
2276
2277
2279
2282
2283
2287
2289
2290
2291
2298
2299
2301
2303
2304
2305
2308
2309
2310
2312
2313
2315
2317
2318
2322
2324
2330
2331
2332
2333
2334
2336
2338
2340
2343
2346
2349
2350
2352
2353
2354
2358
2360
2362
2364
2369
2371
2372
2378
2379
2381
2383
2386
2389
2391
2393
2395
2398
2400
2401
2402
2404
2405
2406
2408
2411
2417
2419
2420
2421
2423
2424
2426
2427
2428
2431
2433
2434
2436
2441
2442
2443
2444
2445
2448
2449
2452
2454
2455
2456
2457
2458
2462
2463
2465
2468
2470
2472
2474
2475
2478
2479
2482
2485
2487
2492
2493
2494
2496
2497
2498
2500
2501
2508
2509
2510
2511
2513
2514
2518
2519
2520
2524
2525
2526
2528
2531
2535
2536
2538
2541
2543
2545
2546
2547
2548
2551
2553
2555
2557
2560
2562
2563
2564
2565
2566
2567
2568
2570
2573
2574
2575
2580
2583
2585
2586
2588
2590
2592
2593
2597
2599
2600
2601
2602
2604
2611
2613
2614
2618
2621
2623
2626
2628
2629
2631
2632
2633
2634
2636
2639
2640
2642
2643
2644
2645
2646
2648
2649
2650
2653
2654
2655
2658
2659
2660
2662
2673
2679
2680
2681
2682
2683
2684
2686
2688
2690
2692
2693
2701
2702
2704
2705
2706
2709
2712
2716
2718
2719
2721
2722
2723
2725
2726
2729
2731
2734
2736
2737
2739
2743
2746
2747
2748
2749
2755
2756
2769
2771
2772
2773
2779
2781
2785
2790
2794
2795
2802
2815
2816
2817
2819
2826
2827
2830
2831
2835
2836
2837
2839
2841
2842
2844
2845
2846
2848
2849
2856
2858
2860
2862
2865
2870
2877
2882
2887
2889
2890
2891
2900
2904
2908
2912
2914
2915
2916
2917
2918
2919
2922
2925
2926
2928
2930
2931
2934
2938
2942
2943
2944
2948
2951
2953
2954
2956
2957
2958
2961
2967
2968
2969
2970
2971
2973
2977
2979
2982
2986
2989
2990
2993
2994
2995
2996
2998
3000
3001
3006
3008
3011
3012
3013
3014
3017
3018
3020
3025
3030
3033
3035
3037
3041
3044
3045
3047
3048
3051
3052
3054
3055
3057
3059
3061
3063
3064
3065
3070
3072
3075
3076
3079
3081
3088
3092
3094
3097
3101
3102
3103
3104
3105
3106
3107
3109
3110
3114
3115
3118
3119
3126
3127
3129
3130
3133
3134
3137
3138
3139
3140
3144
3145
3146
3147
3148
3150
3152
3153
3154
3155
3156
3157
3158
3162
3164
3166
3167
3169
3170
3171
3172
3175
3178
3179
3182
3184
3188
3189
3190
3192
3195
3200
3201
3203
3205
3206
3207
3209
3211
3212
3213
3214
3217
3218
3220
3221
3229
3230
3231
3235
3238
3239
3242
3245
3247
3250
3251
3252
3258
3259
3260
3261
3262
3263
3265
3269
3270
3271
3274
3276
3277
3280
3293
3295
3297
3298
3300
3301
3303
3306
3307
3311
3312
3313
3317
3318
3321
3324
3326
3327
3328
3329
