accuracy   0.7494407158836689
precision   0.7351101450775414
Recall   0.6928887467936704
F1   0.7049513482922061
AUC   0.8730192416525183
Confusion_matrix   [[0.81168831 0.01948052 0.16883117]
 [0.21052632 0.46052632 0.32894737]
 [0.13824885 0.05529954 0.80645161]]
[0 0 2 0 0 0 0 2 0 2 1 0 0 2 0 0 0 2 0 2 2 0 0 0 0 0 0 2 0 0 2 0 0 0 0 0 0
 0 0 0 2 2 0 0 2 0 0 0 0 0 0 0 0 0 0 0 0 0 0 0 2 0 0 0 0 0 0 0 2 0 1 0 0 2
 0 0 0 0 0 2 0 0 0 0 0 0 0 0 0 0 2 0 0 0 0 0 2 0 2 0 0 0 1 0 0 0 0 0 0 0 0
 0 0 0 0 0 0 2 0 0 0 0 0 2 0 0 0 0 0 0 2 0 0 0 0 0 2 0 0 0 2 2 0 0 0 0 2 0
 0 0 0 0 0 0 2 0 1 2 2 1 1 2 2 2 0 1 2 1 1 2 1 1 1 1 0 1 0 2 2 1 1 2 1 0 1
 1 0 2 0 1 2 2 2 1 2 2 0 2 1 1 1 2 1 1 0 1 0 2 2 0 2 0 1 2 0 0 1 2 1 0 1 1
 1 0 1 1 1 2 1 1 2 2 2 2 2 2 2 2 0 0 2 2 2 2 2 2 2 1 2 2 2 2 2 2 2 2 2 0 2
 0 2 0 2 2 2 2 2 1 0 0 2 2 2 2 0 2 2 2 2 2 2 2 2 2 2 2 2 2 2 2 0 2 1 2 2 2
 2 2 2 0 2 0 2 2 2 0 0 2 1 2 2 2 2 2 2 2 2 2 2 2 2 2 2 2 2 2 2 2 2 2 0 2 2
 2 0 2 1 2 2 2 0 2 1 2 2 2 2 2 2 2 2 2 2 2 0 2 1 2 0 2 2 2 2 0 2 2 2 2 1 2
 0 2 2 0 2 2 2 1 2 1 2 2 2 2 0 2 2 2 2 0 2 2 2 2 0 2 2 2 0 1 2 2 2 2 0 2 2
 1 2 2 2 0 2 2 2 2 2 2 2 2 2 2 2 2 2 2 2 0 2 2 2 0 2 2 2 2 2 2 2 2 2 2 2 2
 0 2 2]
{'accuracy': 0.7494407158836689, 'precision': 0.7351101450775414, 'Recall': 0.6928887467936704, 'F1': 0.7049513482922061, 'AUC': 0.8730192416525183, 'Confusion_matrix': array([[0.81168831, 0.01948052, 0.16883117],
       [0.21052632, 0.46052632, 0.32894737],
       [0.13824885, 0.05529954, 0.80645161]])}
mcc	 0.5877344947418383
