accuracy   0.9149888143176734
precision   0.5907340189554345
Recall   0.5897127628665605
F1   0.5901772793053546
AUC   0.8166671676034184
Confusion_matrix   [[0.         0.71428571 0.28571429]
 [0.04123711 0.80412371 0.15463918]
 [0.         0.03498542 0.96501458]]
[2 1 2 1 1 1 1 1 1 1 1 1 1 1 1 1 2 0 1 0 1 1 1 1 1 2 1 2 1 1 1 1 1 1 1 1 1
 1 2 1 1 1 1 1 1 1 0 2 1 2 1 1 1 1 1 1 1 1 1 1 1 1 2 1 1 2 0 1 1 1 1 1 1 1
 1 2 2 1 1 1 1 1 2 1 1 2 2 1 1 1 1 2 1 1 1 1 1 1 1 1 1 1 1 2 2 2 2 2 2 2 2
 2 2 2 2 2 2 2 2 2 2 2 2 2 2 2 2 2 2 2 2 2 2 2 2 2 2 2 2 1 2 2 2 2 1 2 2 2
 2 2 2 2 2 2 2 2 2 2 2 2 2 2 2 2 1 2 2 2 2 2 2 2 2 2 2 2 2 2 2 2 2 2 2 2 2
 2 2 2 2 2 2 2 2 2 2 2 2 2 2 2 2 2 2 2 2 2 2 2 2 2 2 2 2 1 2 2 1 2 2 2 2 2
 2 2 2 2 2 2 2 2 2 2 2 2 2 2 2 2 2 2 2 2 2 2 2 2 2 2 2 2 2 2 2 2 1 2 2 2 2
 2 2 2 1 2 2 2 2 2 2 2 2 2 2 2 2 2 2 2 2 2 2 2 2 2 2 2 2 1 2 2 2 2 2 2 2 2
 2 2 2 2 2 2 2 2 2 2 2 2 2 1 2 2 2 2 2 2 2 2 2 2 2 2 2 2 2 2 2 2 2 2 2 2 2
 2 2 2 2 2 2 2 2 2 2 2 2 2 2 2 2 2 2 2 2 2 2 2 1 2 2 2 2 2 2 2 2 2 2 2 2 2
 2 2 2 2 2 1 2 2 2 2 2 2 2 2 2 2 2 2 2 2 2 2 2 2 2 2 2 2 2 2 2 2 2 2 2 2 2
 2 2 2 2 2 2 2 1 2 2 2 2 2 2 2 2 2 2 2 2 2 2 2 2 2 2 2 2 2 2 2 2 2 2 2 2 2
 2 2 2]
{'accuracy': 0.9149888143176734, 'precision': 0.5907340189554345, 'Recall': 0.5897127628665605, 'F1': 0.5901772793053546, 'AUC': 0.8166671676034184, 'Confusion_matrix': array([[0.        , 0.71428571, 0.28571429],
       [0.04123711, 0.80412371, 0.15463918],
       [0.        , 0.03498542, 0.96501458]])}
0.7618160002584972
