accuracy   0.7472035794183445
precision   0.6907763877486838
Recall   0.589333449558345
F1   0.618195180340455
AUC   0.8024987469490935
Confusion_matrix   [[0.82008368 0.16736402 0.0125523 ]
 [0.30208333 0.69791667 0.        ]
 [0.5        0.25       0.25      ]]
[0 0 0 0 0 0 1 0 1 1 0 0 0 0 0 0 0 1 0 0 0 0 0 1 0 0 1 1 0 1 0 1 0 0 0 0 0
 1 0 0 0 0 2 0 0 0 0 1 1 0 0 0 0 0 0 0 1 2 1 0 0 0 0 0 0 0 0 0 0 1 0 1 0 0
 0 0 0 0 0 0 0 0 0 0 0 0 0 0 0 0 0 0 0 1 0 0 0 0 1 1 0 0 0 2 1 0 0 0 1 0 0
 0 0 0 0 0 0 1 0 0 1 0 0 1 0 0 0 0 0 0 0 0 0 0 0 1 0 0 0 1 0 0 0 0 1 0 0 0
 0 0 0 0 0 0 0 0 0 0 0 1 0 0 0 0 0 0 0 0 0 0 1 0 0 0 0 0 0 0 0 0 0 0 0 0 0
 0 0 0 1 0 0 0 0 0 0 0 0 0 0 0 0 0 0 1 0 1 1 0 0 0 1 1 1 0 0 0 0 0 0 0 0 0
 1 0 0 0 0 0 0 0 1 0 0 0 0 1 1 0 0 1 1 1 1 1 1 1 0 0 1 1 0 0 0 1 1 0 1 1 1
 1 1 1 0 1 1 1 1 1 1 0 1 1 1 1 0 1 1 0 0 1 1 1 1 1 1 0 1 0 1 1 1 1 0 1 1 1
 1 1 1 1 1 1 1 1 0 1 0 1 1 1 1 0 0 1 1 0 1 1 0 1 1 1 1 1 1 1 1 1 1 0 1 1 0
 1 1 1 1 0 0 0 1 0 0 1 1 1 1 0 1 0 1 1 1 0 0 1 1 0 1 1 1 1 1 0 0 1 1 1 1 0
 0 1 1 1 1 1 1 1 1 0 0 0 1 0 1 0 0 1 1 1 1 1 0 1 0 1 1 1 1 0 1 1 1 0 0 1 0
 0 1 0 1 1 1 1 1 0 0 1 0 1 0 1 0 1 1 1 0 0 0 1 1 0 2 0 0 0 1 0 2 0 0 2 1 1
 0 1 2]
{'accuracy': 0.7472035794183445, 'precision': 0.6907763877486838, 'Recall': 0.589333449558345, 'F1': 0.618195180340455, 'AUC': 0.8024987469490935, 'Confusion_matrix': array([[0.82008368, 0.16736402, 0.0125523 ],
       [0.30208333, 0.69791667, 0.        ],
       [0.5       , 0.25      , 0.25      ]])}
mcc	 0.5113705850137181
