accuracy   0.6823266219239373
precision   0.7142854345633062
Recall   0.6263329164749015
F1   0.6390760550507335
AUC   0.8008422788700015
Confusion_matrix   [[0.38383838 0.34343434 0.27272727]
 [0.02684564 0.61073826 0.36241611]
 [0.0201005  0.09547739 0.88442211]]
[0 2 2 1 0 1 2 0 2 2 1 1 0 0 2 0 2 0 0 0 2 0 1 0 2 2 2 2 0 0 1 0 1 0 0 0 2
 1 1 1 1 2 1 2 2 0 1 1 1 2 0 0 0 0 0 1 0 0 1 0 1 1 2 0 1 2 2 1 0 1 0 0 1 1
 1 1 0 2 0 0 2 1 1 0 1 2 0 0 1 2 2 2 2 1 0 1 0 1 1 1 2 2 2 2 2 2 2 2 1 1 2
 2 1 1 1 1 1 2 1 2 2 1 1 2 1 2 2 1 2 1 1 1 1 1 1 1 1 1 2 1 1 1 1 1 2 1 1 1
 1 1 1 2 2 2 0 2 1 1 1 1 1 1 2 0 2 2 2 1 1 2 1 1 1 2 1 1 2 1 1 2 1 2 1 1 1
 2 1 2 1 1 1 1 0 2 1 1 1 2 2 2 2 1 2 2 1 1 2 1 2 1 2 2 1 1 1 1 1 1 1 1 1 1
 1 1 1 1 1 1 2 1 1 1 2 1 0 2 1 1 1 2 1 2 2 2 2 2 1 1 2 2 2 2 2 2 2 2 2 2 2
 1 2 1 2 2 2 2 2 1 2 2 2 2 2 2 1 1 2 2 2 2 2 2 1 2 2 2 2 2 0 2 2 2 1 2 2 2
 2 1 2 2 2 2 2 2 2 2 2 2 2 2 2 1 2 2 2 2 0 2 2 2 2 2 2 2 2 2 2 2 2 2 2 2 2
 2 2 2 2 2 2 2 2 2 2 2 2 2 2 2 2 2 2 2 0 2 2 2 2 2 2 2 2 2 2 2 1 2 1 2 2 1
 2 2 2 2 2 2 2 2 2 2 1 2 2 2 2 2 2 2 2 2 2 2 1 2 1 1 2 2 2 2 2 2 2 2 2 2 2
 2 1 2 2 2 2 2 2 2 2 2 2 2 2 2 2 0 2 2 2 2 2 2 2 2 2 1 2 2 2 2 2 2 2 2 2 2
 2 2 1]
{'accuracy': 0.6823266219239373, 'precision': 0.7142854345633062, 'Recall': 0.6263329164749015, 'F1': 0.6390760550507335, 'AUC': 0.8008422788700015, 'Confusion_matrix': array([[0.38383838, 0.34343434, 0.27272727],
       [0.02684564, 0.61073826, 0.36241611],
       [0.0201005 , 0.09547739, 0.88442211]])}
mcc	 0.49631114253236613
