accuracy   0.6711409395973155
precision   0.63508592395914
Recall   0.5682589905849668
F1   0.5672666821309827
AUC   0.7500298583702659
Confusion_matrix   [[0.72727273 0.00649351 0.26623377]
 [0.22368421 0.17105263 0.60526316]
 [0.14746544 0.04608295 0.80645161]]
[0 2 2 0 0 0 0 2 0 2 2 0 0 0 0 0 0 2 0 2 2 2 0 2 0 0 0 2 0 2 2 0 0 0 0 0 0
 0 0 1 2 2 2 0 2 0 0 0 0 0 0 0 0 0 0 0 0 0 0 0 2 0 2 0 0 0 0 0 2 0 2 2 0 2
 0 0 0 0 0 0 2 2 0 0 0 0 0 0 0 0 2 0 0 0 0 0 2 0 2 0 2 2 2 0 0 0 0 0 0 0 0
 0 0 0 0 0 0 2 2 0 0 0 0 2 0 0 0 0 0 0 2 0 0 0 0 2 2 2 0 0 2 2 0 0 0 0 2 0
 0 0 0 0 0 0 2 0 2 2 2 2 2 2 2 2 0 2 2 2 2 2 1 1 2 1 0 0 1 2 2 2 0 1 2 2 2
 2 0 2 0 2 2 2 2 2 2 2 0 2 2 2 1 2 2 2 0 1 0 2 2 0 2 0 1 2 0 0 1 2 1 0 1 1
 2 0 2 2 0 2 2 1 2 2 2 2 2 2 1 2 2 0 2 2 2 2 2 2 2 2 0 2 2 2 2 2 2 2 2 0 2
 0 2 0 2 2 2 2 2 2 0 0 2 2 2 2 0 2 2 2 2 2 2 2 2 0 2 2 2 2 2 2 0 2 1 1 2 2
 2 2 2 0 2 0 2 2 2 0 0 2 2 2 2 2 2 2 2 2 2 2 2 2 2 2 2 2 2 2 2 2 2 2 0 2 2
 2 0 2 2 0 2 2 2 2 2 2 2 2 2 1 2 2 2 2 2 2 0 2 2 2 0 2 2 2 2 0 2 2 2 2 2 2
 0 1 2 0 2 2 2 2 2 1 2 2 1 2 2 0 2 2 1 2 2 2 2 2 0 2 2 0 0 2 2 2 2 2 0 2 2
 1 2 2 2 0 2 2 2 2 2 2 2 2 2 2 2 2 2 2 2 2 0 2 2 0 2 2 2 2 2 0 2 1 2 2 2 2
 0 2 2]
{'accuracy': 0.6711409395973155, 'precision': 0.63508592395914, 'Recall': 0.5682589905849668, 'F1': 0.5672666821309827, 'AUC': 0.7500298583702659, 'Confusion_matrix': array([[0.72727273, 0.00649351, 0.26623377],
       [0.22368421, 0.17105263, 0.60526316],
       [0.14746544, 0.04608295, 0.80645161]])}
mcc	 0.4457887543697493
