accuracy   0.7293064876957495
precision   0.74538377600036
Recall   0.6407587884667681
F1   0.6530534055569821
AUC   0.8403805649439896
Confusion_matrix   [[0.7987013  0.00649351 0.19480519]
 [0.21052632 0.28947368 0.5       ]
 [0.14285714 0.02304147 0.83410138]]
[0 0 2 0 0 0 0 2 0 2 1 0 0 0 0 0 0 2 0 2 2 0 0 2 0 0 0 2 0 0 2 0 0 0 0 0 0
 0 0 0 2 2 0 0 2 0 0 0 0 0 0 0 0 0 0 0 0 0 0 0 2 0 0 0 0 0 0 0 2 0 2 2 0 2
 0 0 0 0 0 0 2 0 0 0 0 0 0 0 0 0 2 0 0 0 0 0 2 0 2 0 0 2 2 0 0 0 0 0 0 0 0
 0 0 0 0 0 0 2 0 0 0 0 0 2 0 0 0 0 0 0 2 0 0 0 0 0 2 0 0 0 2 2 0 0 0 0 2 0
 0 0 0 0 0 0 2 0 1 2 2 2 2 2 2 2 0 2 2 2 2 2 1 1 2 1 0 1 0 2 2 2 1 2 2 0 1
 1 0 2 0 1 2 2 2 1 2 2 0 2 2 2 1 2 1 2 0 1 0 2 2 0 2 2 1 2 0 0 1 2 1 0 0 1
 1 0 1 2 1 2 1 1 2 2 2 2 2 2 2 2 2 0 2 2 2 2 2 2 2 2 2 2 2 2 2 2 2 2 2 0 2
 0 2 0 2 2 2 2 2 2 0 0 2 2 2 2 0 2 2 2 2 2 2 2 2 0 2 2 2 2 2 2 0 2 1 2 2 2
 2 2 2 2 2 0 2 2 2 0 0 2 1 2 2 2 2 2 2 2 2 2 2 2 2 2 2 2 2 2 2 2 2 2 0 2 2
 2 0 2 2 2 2 2 0 2 2 2 2 2 2 2 2 2 2 2 2 0 0 2 2 2 0 2 2 2 2 0 2 2 2 2 2 2
 2 2 2 0 2 2 2 2 2 1 2 2 2 2 2 2 2 2 2 0 2 1 2 2 0 2 2 2 0 0 2 2 2 2 0 2 2
 1 2 2 2 0 2 2 2 2 2 2 2 2 2 2 2 2 0 2 2 0 2 2 2 0 2 2 2 2 2 0 2 2 2 2 2 2
 0 2 2]
{'accuracy': 0.7293064876957495, 'precision': 0.74538377600036, 'Recall': 0.6407587884667681, 'F1': 0.6530534055569821, 'AUC': 0.8403805649439896, 'Confusion_matrix': array([[0.7987013 , 0.00649351, 0.19480519],
       [0.21052632, 0.28947368, 0.5       ],
       [0.14285714, 0.02304147, 0.83410138]])}
mcc	 0.5490897480441282
