accuracy   0.70917225950783
precision   0.639918988756198
Recall   0.5253806369130637
F1   0.5447073244062074
AUC   0.7517470072059508
Confusion_matrix   [[0.125      0.6875     0.1875    ]
 [0.0083682  0.77405858 0.21757322]
 [0.         0.32291667 0.67708333]]
[1 0 1 1 1 2 1 0 1 1 1 2 2 1 1 1 1 1 1 1 1 1 2 1 2 2 2 1 1 2 1 1 1 2 1 2 1
 1 1 2 1 2 2 2 1 2 1 2 1 1 1 1 1 2 2 1 1 1 0 1 1 1 1 2 2 1 1 2 1 1 1 1 2 0
 2 1 1 1 1 1 1 2 1 1 1 2 1 2 1 1 1 1 1 1 1 1 1 1 1 1 2 1 1 1 1 1 1 1 1 1 1
 1 1 1 2 2 1 1 1 1 2 1 1 2 2 1 1 1 1 2 1 1 1 2 1 1 2 1 1 2 1 1 1 1 1 1 1 1
 1 1 1 2 1 1 1 2 1 1 2 1 2 1 1 1 1 2 1 1 1 1 1 1 1 1 1 2 1 2 1 1 1 1 1 2 2
 1 2 1 1 1 1 1 1 1 1 1 1 1 1 1 1 1 1 1 2 1 1 1 1 1 1 1 1 1 1 1 1 1 1 2 1 2
 2 1 1 1 2 1 2 1 1 1 1 1 1 1 1 1 2 1 1 1 1 1 1 1 1 1 1 1 1 2 2 1 1 2 2 2 2
 2 2 2 2 1 2 2 1 1 1 2 2 1 1 2 2 2 2 2 1 2 2 2 2 2 2 1 2 2 2 2 1 2 2 1 1 1
 1 2 2 2 2 2 2 1 2 2 2 2 1 1 2 2 2 2 2 2 2 2 2 2 1 2 1 2 2 2 2 1 1 2 2 1 2
 1 1 2 2 2 2 2 2 2 2 2 2 1 2 2 1 1 2 2 2 1 2 1 2 1 1 1 2 1 2 1 2 1 2 2 2 1
 1 2 2 1 2 2 2 2 2 1 1 2 2 2 2 1 1 2 2 2 2 2 2 2 2 1 1 1 2 1 2 1 1 2 2 2 2
 2 1 2 1 2 2 1 2 1 2 2 2 2 1 2 1 1 2 1 2 2 2 2 2 1 1 2 1 2 1 2 2 2 2 2 1 1
 1 2 2]
{'accuracy': 0.70917225950783, 'precision': 0.639918988756198, 'Recall': 0.5253806369130637, 'F1': 0.5447073244062074, 'AUC': 0.7517470072059508, 'Confusion_matrix': array([[0.125     , 0.6875    , 0.1875    ],
       [0.0083682 , 0.77405858, 0.21757322],
       [0.        , 0.32291667, 0.67708333]])}
mcc	 0.43481904499563634
