accuracy   0.6510067114093959
precision   0.6449371968529832
Recall   0.601020510427536
F1   0.6103483830458122
AUC   0.78329101235233
Confusion_matrix   [[0.49056604 0.23584906 0.27358491]
 [0.09701493 0.44776119 0.45522388]
 [0.05797101 0.07729469 0.8647343 ]]
[0 1 2 2 1 0 0 2 0 2 2 1 1 0 1 0 2 0 2 0 0 0 0 0 2 0 1 0 0 2 2 2 2 0 0 1 0
 0 0 0 0 2 1 2 1 1 2 1 2 2 0 0 1 0 2 0 0 0 0 0 1 0 0 1 0 1 0 2 0 1 0 2 2 0
 1 0 0 2 0 1 1 0 1 0 2 0 0 2 1 0 0 1 2 0 0 1 1 2 2 2 2 1 0 0 0 0 2 2 2 1 2
 2 2 2 2 0 1 1 1 1 1 1 0 1 2 1 2 1 2 2 2 1 2 2 1 1 2 1 1 1 2 0 2 2 1 1 1 2
 1 1 1 2 2 1 0 2 2 1 1 1 2 1 1 2 2 2 2 1 1 0 2 1 0 2 1 1 1 2 2 1 1 1 2 2 2
 1 2 1 1 0 1 2 2 1 0 2 2 1 2 2 1 2 1 1 1 1 2 2 0 1 2 2 1 1 1 1 2 1 2 2 1 0
 2 1 1 2 0 2 1 2 2 2 2 2 1 0 1 2 2 0 2 2 2 2 2 2 2 2 2 2 2 2 2 2 2 2 2 1 2
 2 2 2 2 2 2 2 1 1 2 2 2 2 2 2 2 2 1 2 2 2 2 0 2 2 2 2 2 2 2 2 2 2 2 2 2 2
 2 2 2 2 2 2 1 2 2 2 0 2 2 2 2 2 0 2 2 2 2 2 2 2 2 0 2 2 2 2 1 2 2 2 2 2 2
 2 2 2 2 2 2 2 2 2 2 2 2 2 2 0 0 0 2 2 2 2 2 2 2 2 2 2 2 2 2 2 2 1 2 2 2 2
 0 1 2 2 2 2 2 2 0 2 2 2 2 2 1 2 2 2 1 2 2 2 2 2 1 1 2 1 1 2 2 2 2 2 2 0 2
 2 2 2 2 2 1 2 2 2 2 0 2 2 2 2 2 2 2 2 2 2 0 2 2 2 2 2 2 2 2 2 2 2 2 2 2 2
 2 2 1]
{'accuracy': 0.6510067114093959, 'precision': 0.6449371968529832, 'Recall': 0.601020510427536, 'F1': 0.6103483830458122, 'AUC': 0.78329101235233, 'Confusion_matrix': array([[0.49056604, 0.23584906, 0.27358491],
       [0.09701493, 0.44776119, 0.45522388],
       [0.05797101, 0.07729469, 0.8647343 ]])}
mcc	 0.44187597286883334
