accuracy   0.6957494407158836
precision   0.6893985099867453
Recall   0.6595307121307146
F1   0.6632424632424633
AUC   0.8397226337549334
Confusion_matrix   [[0.64150943 0.14150943 0.21698113]
 [0.15671642 0.46268657 0.38059701]
 [0.07246377 0.0531401  0.87439614]]
[0 0 2 2 0 0 0 2 0 2 2 1 0 0 1 0 2 0 0 0 0 0 0 0 2 0 0 0 0 0 2 2 0 0 0 1 0
 1 0 0 0 2 1 1 0 0 2 1 2 0 0 0 0 0 2 0 0 0 0 0 1 0 0 0 0 0 0 2 0 0 0 2 2 0
 1 0 0 0 0 1 2 0 1 0 2 0 0 2 1 0 0 1 2 0 0 0 1 0 2 2 2 1 0 0 0 0 2 2 2 1 2
 2 2 2 2 2 1 1 1 1 1 1 0 1 2 2 2 1 1 2 2 2 1 2 1 1 1 0 2 1 2 2 2 0 1 1 0 1
 1 1 1 1 2 1 0 2 2 1 1 1 1 1 1 2 2 2 0 1 1 0 2 0 0 2 1 1 1 2 2 1 1 1 2 2 2
 1 2 1 1 0 0 2 1 1 0 2 2 0 2 1 0 2 1 1 1 1 2 0 0 1 1 2 1 0 1 1 2 1 1 2 1 0
 2 1 0 2 0 2 1 1 2 2 2 1 1 0 1 2 2 1 2 2 2 2 2 2 2 2 2 2 2 2 2 2 2 2 2 1 2
 2 2 2 2 2 2 2 1 2 2 2 2 2 2 2 2 2 1 2 2 2 2 0 2 2 2 2 2 2 2 2 1 2 2 0 2 2
 2 2 2 2 2 2 1 2 2 2 0 2 2 2 2 2 2 2 2 2 2 2 2 2 2 0 2 2 2 2 1 2 2 2 2 2 2
 2 2 2 2 2 2 2 2 2 2 2 2 2 2 0 2 0 2 2 2 2 2 2 2 2 2 2 2 2 2 2 2 2 2 2 2 2
 0 1 2 2 2 2 2 2 0 2 2 2 2 2 1 2 2 2 0 2 2 2 2 2 0 1 2 2 1 2 2 2 2 2 2 0 2
 1 2 2 2 2 0 2 2 2 2 0 2 2 2 2 2 2 2 0 2 2 0 2 2 2 2 2 2 2 2 2 2 2 2 2 2 2
 2 2 2]
{'accuracy': 0.6957494407158836, 'precision': 0.6893985099867453, 'Recall': 0.6595307121307146, 'F1': 0.6632424632424633, 'AUC': 0.8397226337549334, 'Confusion_matrix': array([[0.64150943, 0.14150943, 0.21698113],
       [0.15671642, 0.46268657, 0.38059701],
       [0.07246377, 0.0531401 , 0.87439614]])}
mcc	 0.5204031153486681
