accuracy   0.7248322147651006
precision   0.7223264877266904
Recall   0.6936235330502712
F1   0.7027996781979082
AUC   0.8729328133736568
Confusion_matrix   [[0.64150943 0.16037736 0.19811321]
 [0.08955224 0.57462687 0.3358209 ]
 [0.06763285 0.06763285 0.8647343 ]]
[0 0 2 2 0 0 0 2 0 2 2 0 1 0 1 0 2 0 0 0 0 0 0 0 2 0 0 0 0 0 2 2 0 0 0 1 0
 1 0 0 0 2 1 1 1 1 2 0 2 0 0 0 1 1 0 0 0 0 0 0 1 0 0 0 0 0 0 2 0 1 0 0 2 0
 1 0 0 0 0 1 2 0 1 0 2 0 0 2 1 0 0 0 2 0 0 0 0 0 2 2 2 1 0 0 0 0 2 2 2 1 2
 2 2 2 2 2 1 1 1 1 0 1 0 1 2 1 2 1 1 2 2 1 1 2 1 1 1 0 2 1 2 2 2 1 1 1 1 1
 1 1 1 1 2 1 1 2 2 1 1 1 1 1 1 2 2 2 0 1 1 2 2 1 0 2 1 1 1 2 2 1 1 1 2 2 2
 1 2 1 1 0 1 2 1 1 1 2 2 1 1 1 1 1 1 1 1 1 2 0 0 1 1 2 1 0 1 1 2 1 1 2 1 0
 1 1 0 2 1 1 1 1 2 1 2 1 1 0 1 2 2 1 2 2 2 2 2 2 2 2 2 2 2 2 2 2 2 2 2 1 2
 2 2 2 2 2 2 2 1 2 2 2 2 2 2 2 2 2 1 2 2 2 2 0 2 2 2 2 2 2 2 2 2 2 2 0 2 1
 2 2 2 2 2 2 1 2 2 2 0 2 2 2 2 2 2 2 2 2 2 2 2 2 2 0 2 2 2 2 0 2 2 2 2 2 2
 2 2 2 2 2 2 2 2 2 2 2 2 2 2 0 2 0 2 2 2 2 2 2 2 2 2 2 2 2 2 2 2 1 2 2 2 2
 1 1 2 2 2 2 2 2 1 2 2 2 2 2 1 2 2 2 0 2 2 2 2 2 1 1 2 2 0 2 2 2 2 2 2 0 2
 1 2 2 2 2 0 2 2 2 2 0 2 2 2 2 2 2 2 0 2 2 0 2 2 2 2 2 2 2 2 2 2 2 2 2 2 2
 2 2 1]
{'accuracy': 0.7248322147651006, 'precision': 0.7223264877266904, 'Recall': 0.6936235330502712, 'F1': 0.7027996781979082, 'AUC': 0.8729328133736568, 'Confusion_matrix': array([[0.64150943, 0.16037736, 0.19811321],
       [0.08955224, 0.57462687, 0.3358209 ],
       [0.06763285, 0.06763285, 0.8647343 ]])}
mcc	 0.5644003808377844
