accuracy   0.7762863534675615
precision   0.7660932597641458
Recall   0.7198715263231392
F1   0.7352015795022403
AUC   0.8911805461496222
Confusion_matrix   [[0.81168831 0.01948052 0.16883117]
 [0.14473684 0.5        0.35526316]
 [0.10138249 0.05069124 0.84792627]]
[0 0 2 0 0 0 0 2 0 2 1 0 0 2 0 0 0 2 0 2 2 2 0 0 0 0 0 2 0 0 2 0 0 0 0 0 0
 0 0 0 2 2 0 0 2 0 0 0 0 0 0 0 0 0 0 0 0 0 0 0 0 0 2 0 0 0 0 0 2 0 1 0 0 2
 0 0 0 0 0 2 0 0 0 0 0 0 0 0 0 0 2 0 0 0 0 0 0 0 2 0 0 0 1 0 0 0 0 0 0 0 0
 0 0 0 0 0 0 2 0 0 0 0 0 2 0 0 0 0 0 0 2 0 0 0 0 0 2 0 0 0 2 2 0 0 0 0 2 0
 0 0 0 0 0 0 2 1 1 2 1 1 1 2 2 2 0 1 2 1 1 2 1 1 2 1 1 1 2 1 2 1 1 2 1 2 1
 1 0 2 0 1 2 2 2 1 2 2 0 2 1 1 1 2 1 1 0 1 0 2 2 1 2 0 1 2 0 0 1 2 1 0 1 1
 1 0 1 2 1 2 1 1 2 2 2 2 2 2 2 2 2 0 2 2 2 2 2 2 2 1 2 2 2 2 2 2 2 2 2 0 2
 0 2 0 2 2 2 2 2 2 0 0 2 2 2 2 0 2 2 2 2 2 2 2 2 2 2 2 2 2 2 2 2 2 1 2 2 2
 2 2 2 2 2 2 2 2 2 0 0 2 2 2 2 2 2 2 2 2 2 2 2 2 2 2 2 2 2 2 2 2 2 2 0 2 2
 2 0 2 1 2 2 2 2 2 1 2 2 2 2 2 2 2 2 2 2 2 1 2 1 2 0 2 2 2 2 0 2 2 2 2 2 2
 2 2 2 0 2 2 2 1 2 1 2 2 2 2 0 2 2 2 2 2 2 2 2 2 0 2 2 2 0 0 2 2 2 2 1 2 2
 1 2 2 2 0 2 2 2 2 2 2 2 2 1 2 2 2 2 2 2 0 2 2 2 0 2 2 2 2 2 2 2 2 2 2 2 2
 0 2 2]
{'accuracy': 0.7762863534675615, 'precision': 0.7660932597641458, 'Recall': 0.7198715263231392, 'F1': 0.7352015795022403, 'AUC': 0.8911805461496222, 'Confusion_matrix': array([[0.81168831, 0.01948052, 0.16883117],
       [0.14473684, 0.5       , 0.35526316],
       [0.10138249, 0.05069124, 0.84792627]])}
mcc	 0.6306915790693919
