accuracy   0.7583892617449665
precision   0.7830779054916986
Recall   0.6167698163644816
F1   0.659701531443467
AUC   0.8253079054800093
Confusion_matrix   [[0.82426778 0.17154812 0.0041841 ]
 [0.28645833 0.71354167 0.        ]
 [0.5625     0.125      0.3125    ]]
[0 0 0 0 0 0 1 0 1 1 0 0 0 0 1 0 0 1 0 0 0 0 0 1 0 0 0 1 0 1 0 1 0 0 0 0 0
 1 0 0 0 0 0 1 0 0 0 1 1 0 0 0 0 0 0 0 1 0 1 0 0 0 0 0 0 0 1 1 0 1 0 1 0 0
 0 0 0 0 0 0 0 0 0 1 0 0 0 0 0 0 0 0 0 0 0 0 0 0 1 0 0 0 0 2 1 0 0 0 1 0 0
 0 0 0 0 0 0 1 0 0 1 0 0 1 0 0 0 0 0 0 0 0 0 0 0 1 0 0 0 1 0 0 0 0 1 0 0 0
 0 0 0 0 0 0 0 0 0 0 0 1 0 0 0 0 0 0 0 0 0 1 1 0 0 0 0 0 0 0 0 0 0 0 0 0 0
 0 0 0 1 0 0 0 0 0 0 0 0 0 0 0 0 0 0 1 0 1 1 0 0 0 1 0 1 0 0 0 0 0 0 0 0 0
 1 0 0 0 0 0 0 0 0 0 0 0 0 1 1 0 0 1 1 1 1 1 1 1 0 0 1 1 0 0 0 1 1 0 1 1 1
 1 1 1 0 1 1 1 1 1 1 0 1 1 1 1 0 1 1 0 0 1 1 1 1 1 1 0 1 0 1 1 1 1 0 1 1 1
 1 1 1 1 1 1 1 1 0 1 0 1 1 1 1 0 0 1 1 0 1 1 0 1 1 1 1 1 1 1 0 1 1 1 1 1 0
 1 1 1 1 0 1 0 1 0 0 1 1 0 1 1 1 0 1 1 1 0 0 1 1 0 1 1 1 1 1 0 0 1 1 1 1 0
 0 1 1 1 1 1 1 1 1 0 0 0 1 0 1 0 0 1 1 1 1 1 0 1 0 1 0 1 1 0 1 1 1 1 0 1 0
 0 1 0 1 1 1 1 1 1 1 1 0 1 0 1 0 1 1 1 0 0 0 1 1 0 2 0 0 2 0 0 2 0 0 2 1 1
 0 0 2]
{'accuracy': 0.7583892617449665, 'precision': 0.7830779054916986, 'Recall': 0.6167698163644816, 'F1': 0.659701531443467, 'AUC': 0.8253079054800093, 'Confusion_matrix': array([[0.82426778, 0.17154812, 0.0041841 ],
       [0.28645833, 0.71354167, 0.        ],
       [0.5625    , 0.125     , 0.3125    ]])}
mcc	 0.5324082594181065
