accuracy   0.912751677852349
precision   0.5842236467236467
Recall   0.5887409455682125
F1   0.5864329336578519
AUC   0.7971599748672875
Confusion_matrix   [[0.         0.71428571 0.28571429]
 [0.         0.80412371 0.19587629]
 [0.         0.03790087 0.96209913]]
[2 1 2 1 1 1 1 1 1 1 1 1 1 1 1 1 2 1 1 1 1 1 1 1 2 2 1 1 1 1 1 1 1 2 1 1 1
 2 2 1 1 1 1 1 1 1 1 1 1 2 1 1 1 2 1 1 2 1 1 1 1 1 2 1 1 2 1 1 1 1 1 1 1 1
 1 1 1 1 1 2 1 1 2 1 1 2 2 1 1 1 1 2 2 1 1 1 1 1 1 1 1 2 1 2 2 2 2 2 2 2 2
 2 2 2 2 2 2 2 2 2 2 2 2 2 2 2 2 2 2 2 2 2 2 2 2 2 2 2 2 1 2 2 2 2 1 2 2 2
 2 2 2 2 2 2 2 2 2 2 2 2 2 2 2 2 1 2 2 2 2 2 2 2 2 2 2 2 2 2 2 2 2 2 2 2 2
 2 2 2 2 2 2 2 2 2 2 2 2 2 2 2 2 2 2 2 2 2 2 2 2 2 2 2 2 1 2 2 1 2 2 2 2 2
 2 2 2 2 2 2 2 2 2 2 2 2 2 2 2 2 2 2 2 2 2 2 2 2 2 2 2 2 2 2 2 2 2 2 2 2 2
 2 2 2 1 2 2 2 2 2 2 2 2 2 2 2 2 2 2 2 2 2 2 1 2 2 2 2 2 1 2 2 2 2 2 2 2 2
 2 2 2 2 2 2 2 2 2 2 2 2 2 2 2 2 2 2 2 2 2 2 2 2 2 2 2 2 2 2 2 2 2 2 2 2 2
 2 2 2 2 2 2 2 2 2 2 2 2 2 2 2 2 2 2 2 2 2 2 2 1 2 2 2 2 2 2 2 2 2 2 2 2 2
 2 2 2 2 2 1 2 2 2 2 2 2 2 2 2 2 2 2 2 2 2 2 2 2 2 2 2 2 2 2 2 2 2 2 2 2 2
 2 2 2 2 2 2 1 1 2 2 2 2 2 2 1 2 2 2 2 2 2 2 2 2 2 2 2 2 2 2 2 2 2 2 2 2 2
 2 2 2]
{'accuracy': 0.912751677852349, 'precision': 0.5842236467236467, 'Recall': 0.5887409455682125, 'F1': 0.5864329336578519, 'AUC': 0.7971599748672875, 'Confusion_matrix': array([[0.        , 0.71428571, 0.28571429],
       [0.        , 0.80412371, 0.19587629],
       [0.        , 0.03790087, 0.96209913]])}
mcc	 0.7524787017820689
