accuracy   0.738255033557047
precision   0.7439536108014368
Recall   0.7009012931241524
F1   0.713530341946267
AUC   0.8827767063914244
Confusion_matrix   [[0.54545455 0.27272727 0.18181818]
 [0.04697987 0.67785235 0.27516779]
 [0.04020101 0.08040201 0.87939698]]
[0 2 2 1 0 0 2 0 2 2 1 1 0 0 2 0 0 0 0 0 2 0 0 0 0 2 2 0 0 0 1 0 1 0 0 0 2
 1 1 1 1 2 0 2 0 0 0 1 1 0 0 0 0 0 0 0 0 0 1 0 1 0 2 0 1 0 0 1 0 1 0 0 1 1
 1 1 0 2 0 1 2 1 1 0 0 2 0 0 1 0 1 2 2 1 0 0 0 1 0 1 2 2 2 2 2 2 2 2 1 1 2
 2 1 1 1 1 1 2 1 1 2 1 1 2 1 2 0 1 2 1 1 1 1 1 1 1 1 1 2 1 1 1 1 1 1 1 1 1
 1 1 1 2 2 2 0 1 1 1 1 1 1 1 2 1 2 2 2 1 1 2 1 2 0 2 1 1 2 1 1 1 1 2 1 1 1
 2 1 2 1 1 1 1 0 2 1 1 1 1 2 2 2 1 2 2 1 1 2 1 1 1 2 1 1 1 1 1 1 1 1 0 1 1
 1 1 1 1 1 1 2 0 1 1 0 1 1 1 1 1 1 1 1 1 2 1 2 1 1 1 2 2 2 2 2 2 2 2 2 2 0
 0 2 2 2 2 2 2 2 1 2 2 2 2 2 2 2 1 2 2 2 2 2 2 1 2 2 2 2 2 0 2 2 2 2 2 2 2
 2 1 2 2 2 2 2 2 2 0 2 2 2 2 2 1 2 2 2 2 0 2 2 2 2 2 2 2 2 2 2 2 2 2 2 2 2
 2 2 2 2 2 2 2 2 2 2 2 2 2 2 2 2 2 2 2 0 2 2 2 2 2 2 2 2 2 2 2 1 2 1 2 2 1
 2 2 2 2 2 2 2 2 2 2 1 2 2 2 2 2 2 2 2 2 2 2 0 2 1 1 2 1 2 2 2 2 2 2 2 2 2
 2 1 2 2 2 2 2 2 2 2 1 2 2 2 1 2 0 2 2 2 2 2 2 2 2 2 2 2 2 2 2 2 2 2 2 2 2
 2 2 1]
{'accuracy': 0.738255033557047, 'precision': 0.7439536108014368, 'Recall': 0.7009012931241524, 'F1': 0.713530341946267, 'AUC': 0.8827767063914244, 'Confusion_matrix': array([[0.54545455, 0.27272727, 0.18181818],
       [0.04697987, 0.67785235, 0.27516779],
       [0.04020101, 0.08040201, 0.87939698]])}
mcc	 0.5868641744343485
