accuracy   0.7181208053691275
precision   0.7254562959346947
Recall   0.6790751034452764
F1   0.6919485071668511
AUC   0.8622673510367012
Confusion_matrix   [[0.53535354 0.29292929 0.17171717]
 [0.06040268 0.61744966 0.32214765]
 [0.03015075 0.08542714 0.88442211]]
[0 0 2 1 0 1 2 0 2 2 1 1 0 0 2 0 0 0 0 0 2 0 1 0 1 2 2 0 0 0 1 0 1 0 0 0 2
 1 1 1 1 0 0 2 0 0 0 1 0 2 0 0 0 0 0 0 0 0 1 0 1 0 2 0 1 0 1 1 0 0 0 0 1 1
 1 1 0 2 0 1 2 1 0 0 1 2 0 0 1 0 1 2 2 1 0 0 0 1 0 1 2 2 2 2 2 2 2 2 1 1 2
 2 1 1 1 1 0 2 1 2 2 1 1 2 1 2 1 1 2 1 1 1 1 1 1 1 1 1 2 1 1 1 1 1 1 1 1 1
 1 1 1 2 2 2 0 2 1 1 1 1 1 1 2 0 2 2 2 1 1 2 1 0 1 2 1 1 2 1 1 2 1 2 1 1 1
 2 1 2 1 1 1 1 0 2 1 1 1 2 2 2 2 1 2 2 1 1 2 1 2 1 2 2 1 1 1 1 1 1 1 0 1 1
 1 1 1 1 1 1 2 0 1 1 0 1 0 2 1 1 1 2 1 1 2 1 2 1 1 1 2 2 2 2 2 2 2 2 2 2 0
 0 2 2 2 2 2 2 2 1 2 2 2 2 2 2 2 1 2 2 2 2 2 2 1 2 2 2 2 2 0 2 2 2 2 2 2 2
 2 1 2 2 2 2 2 2 2 2 2 2 2 2 2 1 2 2 2 2 0 2 2 2 2 2 2 2 2 2 2 2 2 2 2 2 2
 2 2 2 2 2 2 2 2 2 2 2 2 2 2 2 2 2 2 2 0 2 2 2 2 2 2 2 2 2 2 2 1 2 1 2 2 1
 2 2 2 2 2 2 2 2 2 2 1 2 2 2 2 2 2 2 2 2 2 2 1 2 1 1 2 1 2 2 2 2 2 2 2 2 2
 2 1 2 2 2 2 2 2 2 2 1 2 2 2 1 2 0 2 2 2 2 2 2 2 2 2 1 2 2 2 2 2 2 2 2 2 2
 2 2 2]
{'accuracy': 0.7181208053691275, 'precision': 0.7254562959346947, 'Recall': 0.6790751034452764, 'F1': 0.6919485071668511, 'AUC': 0.8622673510367012, 'Confusion_matrix': array([[0.53535354, 0.29292929, 0.17171717],
       [0.06040268, 0.61744966, 0.32214765],
       [0.03015075, 0.08542714, 0.88442211]])}
mcc	 0.5546196679119962
