accuracy   0.709
precision   0.7090045756712423
Recall   0.6625986706656457
F1   0.6780733728677548
AUC   0.8436244147886528
Confusion_matrix   [[0.51336898 0.26737968 0.21925134]
 [0.05671642 0.64179104 0.30149254]
 [0.03138075 0.13598326 0.83263598]]
[2 1 1 0 2 0 2 2 2 2 1 1 1 2 0 2 1 2 2 2 0 1 2 1 2 2 2 2 0 1 2 2 2 1 2 2 1
 2 2 2 1 2 2 2 1 2 2 0 2 2 0 0 0 2 1 2 0 2 2 2 2 1 2 2 0 2 2 2 0 2 2 2 1 2
 0 0 2 0 2 1 1 2 2 2 1 1 2 2 2 2 2 2 2 1 0 1 1 0 2 2 2 2 2 2 1 0 1 1 0 2 2
 1 2 2 2 0 2 0 0 2 2 2 0 2 0 2 2 1 2 2 2 0 2 2 0 2 1 0 2 1 2 2 2 1 2 2 2 2
 1 2 2 1 2 2 1 1 2 1 2 2 1 2 2 1 2 1 2 1 0 1 1 0 1 1 2 1 2 2 1 1 1 2 1 2 2
 2 2 1 1 1 2 2 1 1 1 1 0 1 2 2 2 2 2 2 1 1 2 2 2 1 2 1 1 0 2 1 2 2 2 2 0 1
 1 1 1 2 2 2 2 2 0 1 2 1 2 2 0 1 2 1 2 2 1 2 2 2 2 2 2 2 2 1 2 2 1 2 1 1 0
 2 2 0 2 2 1 1 2 0 2 1 1 2 2 1 2 2 1 2 2 1 2 1 2 2 0 2 1 0 2 0 1 2 2 2 2 2
 2 1 2 1 2 2 1 1 2 0 1 0 1 0 2 2 2 2 2 1 2 0 1 2 1 1 2 2 1 1 2 2 1 1 2 1 1
 2 1 2 1 2 0 1 2 2 1 1 2 0 2 1 2 1 1 1 2 1 0 2 2 0 1 2 2 2 2 1 1 2 2 2 1 2
 2 0 2 1 2 2 2 0 1 2 2 2 1 1 2 1 0 2 1 1 2 2 1 1 1 2 2 1 1 2 2 1 0 1 2 2 2
 2 2 2 0 2 2 2 0 2 0 2 1 1 2 1 2 1 1 2 2 1 2 1 1 2 2 1 1 1 2 2 1 2 0 2 1 2
 0 0 2 2 2 2 1 1 2 0 2 2 0 1 2 1 2 1 2 2 1 2 1 1 1 1 0 2 2 2 1 2 1 2 2 2 0
 2 0 1 2 0 2 2 0 1 2 1 2 2 2 0 0 1 1 2 0 1 2 1 1 2 0 2 2 0 2 2 2 0 0 2 1 2
 1 2 1 1 1 2 2 1 1 0 0 2 2 1 2 2 0 1 2 0 2 1 2 2 2 1 0 1 2 0 2 1 1 2 0 2 0
 2 2 2 2 0 2 2 2 2 1 1 1 2 1 2 1 2 2 2 2 1 2 1 2 0 1 2 2 1 2 1 1 1 2 0 1 2
 1 2 2 2 0 0 2 1 1 2 2 2 2 2 2 1 1 2 2 2 2 2 0 2 2 0 2 2 1 2 2 2 2 1 2 2 0
 0 2 1 1 2 2 1 1 1 2 2 1 1 2 2 1 1 1 2 1 1 2 2 1 1 1 2 2 1 2 2 1 1 1 2 1 1
 2 1 2 2 2 2 1 1 2 2 2 2 2 1 2 2 2 2 2 2 1 1 1 2 1 2 1 1 1 2 1 2 2 0 2 1 2
 2 1 1 2 2 2 2 2 2 2 1 1 2 2 0 2 1 2 2 2 1 2 2 1 2 1 1 2 2 2 1 2 2 1 2 0 1
 2 0 2 1 2 2 1 2 2 0 0 0 2 1 2 0 2 1 2 2 2 2 0 0 2 1 2 0 2 2 2 1 0 1 1 2 2
 0 2 1 1 2 1 2 2 1 2 1 2 2 1 2 2 0 2 2 0 1 2 2 1 2 2 2 2 2 0 1 2 1 1 2 2 2
 1 2 2 1 1 2 1 2 1 1 1 1 2 0 2 2 1 1 2 1 2 1 2 0 1 1 1 2 0 2 1 2 1 2 2 2 1
 2 1 0 2 2 0 2 2 1 0 2 2 0 2 1 2 1 2 1 2 0 2 1 2 2 2 0 2 0 1 2 2 0 1 2 2 2
 2 2 2 2 1 1 2 2 2 2 1 2 1 1 1 1 1 1 2 1 1 2 1 2 0 1 1 2 2 0 0 2 0 2 2 1 1
 2 1 2 1 1 1 0 2 1 2 1 2 1 0 2 2 2 0 2 2 1 1 2 1 1 0 2 2 2 2 1 2 2 2 0 2 1
 2 1 1 1 0 1 1 2 2 2 2 2 1 1 2 2 2 1 2 1 2 2 2 0 1 2 2 1 2 2 2 1 2 0 0 2 0
 1]
{'accuracy': 0.709, 'precision': 0.7090045756712423, 'Recall': 0.6625986706656457, 'F1': 0.6780733728677548, 'AUC': 0.8436244147886528, 'Confusion_matrix': array([[0.51336898, 0.26737968, 0.21925134],
       [0.05671642, 0.64179104, 0.30149254],
       [0.03138075, 0.13598326, 0.83263598]])}
