accuracy   0.6510067114093959
precision   0.6560229242898723
Recall   0.49048407717340775
F1   0.5101441328024735
AUC   0.7033047855648537
Confusion_matrix   [[0.125      0.625      0.25      ]
 [0.0041841  0.64853556 0.34728033]
 [0.         0.30208333 0.69791667]]
[1 0 1 1 1 2 1 0 1 1 1 2 2 1 2 1 1 1 1 1 2 1 2 1 2 2 2 1 1 2 1 1 1 2 1 2 1
 1 1 2 2 2 2 2 1 2 1 2 1 1 1 1 2 2 2 1 2 1 1 2 1 1 1 2 2 2 1 2 1 1 1 1 2 0
 2 1 1 1 1 1 1 2 1 2 1 2 1 2 1 1 1 1 1 1 2 1 1 1 1 1 2 1 1 1 1 1 1 1 1 2 1
 2 1 1 2 2 1 1 1 1 2 1 1 2 2 1 1 1 1 2 2 1 2 2 2 1 2 1 1 2 2 1 1 2 1 1 1 1
 1 1 1 2 2 2 1 2 2 2 2 1 2 1 2 1 1 2 1 1 2 1 1 1 2 1 1 2 1 2 1 1 1 1 1 1 2
 1 2 2 1 1 1 2 1 1 1 1 1 1 1 1 1 1 1 1 2 1 1 1 1 1 2 1 2 1 1 1 1 1 1 2 1 2
 2 1 1 1 2 1 2 1 1 2 1 1 1 2 1 1 2 1 1 2 1 2 1 1 2 1 2 1 1 2 2 1 1 2 2 2 2
 2 2 2 2 2 2 2 1 1 1 2 2 1 1 2 1 2 2 2 2 2 2 2 2 1 2 1 2 1 2 2 1 2 2 1 1 1
 1 2 2 2 2 2 2 2 2 2 2 2 1 1 2 2 2 2 2 2 2 2 2 2 1 2 1 2 2 2 2 1 1 1 2 2 2
 2 1 2 1 2 2 2 2 2 2 2 2 1 2 2 1 2 2 2 2 1 1 2 2 1 2 1 2 1 2 2 2 1 2 2 1 1
 1 2 2 1 2 2 2 2 2 1 1 2 2 2 2 1 1 2 2 2 2 2 2 2 2 1 1 1 2 1 1 1 1 2 2 2 2
 2 1 2 2 2 2 2 2 1 2 2 2 2 1 2 1 1 2 1 2 2 2 2 2 1 2 2 1 2 1 2 2 2 2 2 1 1
 1 2 2]
{'accuracy': 0.6510067114093959, 'precision': 0.6560229242898723, 'Recall': 0.49048407717340775, 'F1': 0.5101441328024735, 'AUC': 0.7033047855648537, 'Confusion_matrix': array([[0.125     , 0.625     , 0.25      ],
       [0.0041841 , 0.64853556, 0.34728033],
       [0.        , 0.30208333, 0.69791667]])}
mcc	 0.33179768738504367
