accuracy   0.7606263982102909
precision   0.7836658618206465
Recall   0.6185059274755927
F1   0.6611006645936223
AUC   0.8215437587168758
Confusion_matrix   [[0.3125     0.4375     0.25      ]
 [0.0041841  0.82426778 0.17154812]
 [0.         0.28125    0.71875   ]]
[1 0 1 1 0 2 1 0 1 1 0 2 2 1 2 0 1 1 1 1 1 1 2 1 2 2 1 1 1 1 2 1 1 2 1 1 1
 1 1 2 1 1 1 2 1 2 1 2 1 1 1 1 1 2 1 1 1 1 1 2 1 1 1 2 2 1 1 1 1 1 1 1 2 1
 2 1 1 1 1 1 1 1 2 2 1 2 1 2 1 1 1 1 1 1 1 1 1 1 1 2 1 1 1 1 1 1 1 1 1 1 1
 1 1 1 2 1 1 1 1 0 2 1 1 1 2 1 1 1 1 1 1 1 1 2 1 1 2 1 1 2 1 1 1 1 1 1 1 1
 1 1 1 2 1 1 1 2 1 1 1 1 2 1 1 1 1 1 1 1 1 1 1 1 1 1 1 2 1 1 1 1 1 1 1 1 1
 2 2 1 1 1 1 1 1 1 1 1 1 1 1 1 1 1 1 1 2 1 1 1 1 1 1 1 1 1 1 1 1 1 1 2 1 2
 2 1 1 1 2 1 2 1 1 1 1 1 1 1 1 1 2 1 1 1 1 1 1 1 1 1 1 1 1 2 2 1 1 2 2 2 2
 2 2 2 1 1 2 2 1 1 1 2 2 1 2 2 2 2 2 2 1 2 2 2 2 2 2 1 2 2 2 2 1 2 2 1 1 2
 2 2 2 2 2 1 2 1 2 2 2 2 1 2 2 2 2 2 2 2 2 2 2 2 1 2 1 2 2 2 2 1 1 2 2 1 2
 2 1 2 2 2 2 2 2 2 2 2 2 2 2 2 1 2 2 2 2 1 2 1 2 1 1 2 2 1 2 2 2 1 2 2 2 1
 1 2 2 1 2 2 2 2 2 1 1 2 2 2 2 1 1 2 2 2 2 2 2 2 2 1 1 1 2 1 2 1 1 2 2 2 2
 2 1 2 1 2 1 2 2 1 2 2 2 2 1 2 1 1 2 1 2 2 2 2 2 2 2 2 1 2 1 2 1 2 2 2 1 1
 1 2 2]
{'accuracy': 0.7606263982102909, 'precision': 0.7836658618206465, 'Recall': 0.6185059274755927, 'F1': 0.6611006645936223, 'AUC': 0.8215437587168758, 'Confusion_matrix': array([[0.3125    , 0.4375    , 0.25      ],
       [0.0041841 , 0.82426778, 0.17154812],
       [0.        , 0.28125   , 0.71875   ]])}
mcc	 0.5368883199171957
