accuracy   0.7628635346756152
precision   0.7733333333333334
Recall   0.7328510902420721
F1   0.7460760554970648
AUC   0.8988925828155535
Confusion_matrix   [[0.60606061 0.24242424 0.15151515]
 [0.04026846 0.71812081 0.24161074]
 [0.03015075 0.09547739 0.87437186]]
[0 0 2 1 0 1 2 0 2 2 1 0 0 0 2 0 0 0 0 0 2 0 0 0 0 2 2 0 0 0 1 0 1 0 0 0 2
 1 1 1 1 1 0 2 0 0 0 1 1 0 0 0 0 0 0 0 0 0 0 0 0 0 0 0 1 0 0 1 0 1 0 0 0 1
 1 1 0 2 0 1 2 1 1 0 0 2 0 0 1 0 1 2 2 1 0 0 0 0 0 1 2 2 2 2 2 2 2 2 1 1 2
 2 1 1 1 1 1 1 1 1 2 1 1 2 1 2 1 1 2 1 1 1 1 1 1 1 1 1 2 1 1 1 1 1 1 1 1 1
 1 1 1 2 2 2 2 1 1 1 1 1 1 1 1 1 2 1 1 1 1 2 1 2 0 2 1 1 2 1 1 1 1 2 1 1 1
 2 1 2 1 1 1 1 0 2 1 1 1 1 1 2 2 1 2 1 1 1 2 1 1 1 2 1 1 1 1 1 1 1 1 0 1 1
 1 1 1 1 1 1 2 0 1 1 0 1 1 1 1 1 0 1 1 1 2 1 2 1 1 1 2 2 2 2 2 2 2 2 2 2 0
 0 2 2 2 2 2 2 2 1 2 2 2 2 2 2 2 1 2 2 2 2 2 2 1 2 2 2 2 2 0 2 2 2 2 2 2 2
 2 1 2 2 2 2 2 2 2 1 2 2 2 2 2 1 2 2 2 2 1 2 2 2 2 2 2 2 2 2 2 2 2 2 2 2 2
 2 2 2 2 2 2 2 2 2 2 2 2 2 2 2 2 2 2 2 0 2 2 2 2 2 2 2 2 2 2 2 1 2 1 2 2 1
 2 2 2 2 2 2 2 2 2 2 1 2 2 2 2 2 2 2 2 2 2 2 0 2 1 1 2 1 2 2 2 2 2 2 2 2 2
 2 1 2 2 2 2 2 2 2 2 1 2 2 2 1 2 0 2 2 2 2 2 2 2 2 2 2 2 2 2 2 2 1 2 2 2 2
 2 2 1]
{'accuracy': 0.7628635346756152, 'precision': 0.7733333333333334, 'Recall': 0.7328510902420721, 'F1': 0.7460760554970648, 'AUC': 0.8988925828155535, 'Confusion_matrix': array([[0.60606061, 0.24242424, 0.15151515],
       [0.04026846, 0.71812081, 0.24161074],
       [0.03015075, 0.09547739, 0.87437186]])}
mcc	 0.6263542379728154
