accuracy   0.7427293064876958
precision   0.6892406563703766
Recall   0.5851784053928406
F1   0.6145356965126036
AUC   0.799189058141562
Confusion_matrix   [[0.25       0.5625     0.1875    ]
 [0.0125523  0.82845188 0.15899582]
 [0.         0.32291667 0.67708333]]
[1 0 1 1 1 1 1 0 1 1 0 2 2 1 2 0 1 1 1 1 1 1 2 1 2 2 1 1 1 1 1 1 1 2 1 1 1
 1 1 2 1 1 2 2 1 2 1 2 1 1 1 1 1 2 1 1 1 1 0 1 1 1 1 2 2 1 1 1 1 1 1 1 2 0
 1 1 1 1 1 1 1 1 1 1 1 2 1 2 1 1 1 1 1 1 1 1 1 1 1 1 1 1 1 1 1 1 1 1 1 2 1
 1 1 1 2 2 1 1 1 0 2 1 1 1 2 1 1 1 1 1 1 1 1 2 1 1 2 1 1 2 1 1 1 1 1 1 1 1
 1 1 1 2 1 1 1 2 1 1 1 1 2 1 1 1 1 1 1 1 1 1 1 1 1 1 1 2 1 1 1 1 1 1 1 1 1
 1 2 1 1 1 1 1 1 1 1 1 1 1 1 1 1 1 1 1 2 1 1 1 1 1 1 1 1 1 1 1 1 1 1 2 1 2
 2 1 1 1 2 1 2 1 1 1 1 1 1 1 1 1 2 1 1 1 1 1 1 1 2 1 1 1 1 2 2 1 1 2 2 2 2
 2 2 2 1 1 1 2 1 1 1 2 2 1 1 2 2 2 2 2 1 2 2 2 2 2 2 1 2 2 2 2 1 2 2 1 1 2
 1 2 2 2 2 1 2 1 2 2 2 2 1 2 2 2 2 2 2 2 2 2 2 2 1 2 1 2 2 2 2 1 1 2 2 1 2
 2 1 2 2 2 2 2 2 2 2 2 2 1 2 2 1 2 2 2 2 1 1 1 2 1 1 2 2 2 2 1 2 1 2 2 2 1
 1 2 2 1 2 2 2 2 2 1 1 2 2 2 2 1 1 2 2 2 2 2 2 2 2 1 1 1 2 1 2 1 1 2 2 2 2
 2 1 2 1 2 2 2 2 1 2 2 2 1 1 2 1 1 2 1 2 2 2 2 2 1 1 2 1 2 1 2 1 2 2 2 1 1
 1 1 2]
{'accuracy': 0.7427293064876958, 'precision': 0.6892406563703766, 'Recall': 0.5851784053928406, 'F1': 0.6145356965126036, 'AUC': 0.799189058141562, 'Confusion_matrix': array([[0.25      , 0.5625    , 0.1875    ],
       [0.0125523 , 0.82845188, 0.15899582],
       [0.        , 0.32291667, 0.67708333]])}
mcc	 0.5026641728610913
