accuracy   0.6868008948545862
precision   0.6731562443928035
Recall   0.6550607639951732
F1   0.6553392747785272
AUC   0.8363714197220986
Confusion_matrix   [[0.66981132 0.13207547 0.19811321]
 [0.18656716 0.44029851 0.37313433]
 [0.05797101 0.08695652 0.85507246]]
[0 0 0 2 1 0 0 2 0 2 2 1 0 0 2 0 2 0 0 0 0 0 0 0 2 0 0 0 0 0 2 2 0 2 0 0 0
 0 0 0 1 2 1 1 0 0 0 0 2 2 0 0 0 0 0 0 0 0 0 0 1 0 0 1 0 1 0 0 0 1 0 2 2 0
 0 0 0 0 0 1 2 0 1 0 2 0 0 2 1 0 0 0 1 0 0 0 0 0 2 2 2 1 0 0 0 0 2 2 2 1 2
 2 2 2 2 0 1 1 1 1 1 0 0 1 2 1 2 1 1 2 2 1 1 2 1 1 1 0 1 1 2 0 2 1 1 1 1 2
 1 1 0 2 2 1 0 2 2 1 1 0 1 1 1 2 2 2 0 0 2 2 2 0 0 2 1 1 0 2 2 1 1 1 2 2 2
 1 2 1 1 0 1 2 0 1 0 2 2 0 2 2 0 2 1 1 0 1 2 0 1 1 1 2 1 0 1 1 2 1 1 2 0 1
 2 1 0 2 0 1 1 2 2 1 2 1 1 0 1 2 2 1 2 2 2 2 2 2 2 2 2 2 2 2 2 2 2 2 2 1 2
 2 2 2 2 2 2 2 0 2 2 2 2 2 2 2 2 2 1 2 2 2 2 1 2 2 2 2 2 2 2 2 1 2 2 0 2 2
 2 2 2 2 2 2 1 2 2 2 0 2 2 2 2 2 2 2 2 2 2 2 2 2 2 1 2 2 2 2 1 2 2 2 2 2 2
 2 2 2 2 2 2 2 2 2 2 2 2 2 2 0 2 1 2 2 2 2 2 2 2 2 2 2 2 2 1 2 2 1 2 2 2 2
 0 1 2 2 2 2 2 2 0 2 2 2 2 2 1 2 2 2 1 2 2 2 2 2 1 1 2 2 1 2 2 2 2 2 2 0 2
 1 2 2 2 2 0 2 2 2 2 0 2 2 2 0 2 2 2 0 2 2 0 2 2 2 2 2 2 2 2 2 2 2 2 2 2 2
 2 2 1]
{'accuracy': 0.6868008948545862, 'precision': 0.6731562443928035, 'Recall': 0.6550607639951732, 'F1': 0.6553392747785272, 'AUC': 0.8363714197220986, 'Confusion_matrix': array([[0.66981132, 0.13207547, 0.19811321],
       [0.18656716, 0.44029851, 0.37313433],
       [0.05797101, 0.08695652, 0.85507246]])}
mcc	 0.5062124308558773
