accuracy   0.6935123042505593
precision   0.6703149001536097
Recall   0.60386119257087
F1   0.6100784527414143
AUC   0.8027773271679407
Confusion_matrix   [[0.25       0.5        0.25      ]
 [0.05069124 0.80184332 0.14746544]
 [0.00649351 0.23376623 0.75974026]]
[1 2 1 1 2 0 1 1 2 1 1 1 1 2 1 2 0 1 1 2 2 2 1 2 1 1 1 2 1 2 1 1 2 2 1 2 1
 2 1 1 1 0 2 1 1 0 1 2 2 2 1 2 2 1 2 1 1 2 1 1 1 2 1 0 1 1 1 1 2 1 1 1 2 2
 1 2 1 1 1 2 1 2 1 2 1 1 2 1 0 1 1 1 2 2 0 1 1 0 1 2 1 2 1 1 2 1 2 2 1 1 1
 1 2 0 2 0 1 2 2 2 1 2 1 1 2 1 1 1 1 0 1 2 1 1 2 1 1 1 1 2 2 2 1 1 2 1 2 2
 1 1 2 2 2 1 1 1 1 1 1 2 2 2 2 1 2 1 1 1 1 1 2 1 1 2 1 2 2 1 1 1 2 1 2 1 1
 1 2 1 1 1 1 1 1 1 1 2 1 1 1 2 1 2 0 1 1 1 1 1 1 1 1 2 1 1 1 1 1 1 1 2 1 2
 0 1 1 2 1 0 1 1 1 1 0 1 2 1 1 1 2 1 2 2 2 1 1 0 1 1 2 1 1 2 1 2 1 2 1 2 2
 1 0 1 2 2 2 2 2 1 1 1 1 2 1 2 2 0 1 1 2 1 2 1 1 1 1 2 1 2 2 1 1 1 1 1 1 2
 2 2 0 0 1 1 2 1 2 2 2 2 1 1 2 1 1 2 1 1 2 0 1 1 2 0 2 2 0 1 2 2 1 1 1 1 0
 2 1 1 1 2 1 1 1 2 2 1 2 1 1 0 1 1 1 2 1 1 1 1 1 1 1 2 2 2 2 1 2 2 2 1 2 2
 2 2 1 2 1 2 1 2 1 0 2 1 1 2 1 2 2 2 2 2 2 2 2 1 2 2 2 1 2 1 2 2 2 1 2 1 1
 0 1 2 1 1 1 1 2 2 2 2 1 0 1 1 1 2 2 1 2 2 2 1 1 2 2 0 1 1 1 0 1 0 1 1 2 1
 1 1 2]
{'accuracy': 0.6935123042505593, 'precision': 0.6703149001536097, 'Recall': 0.60386119257087, 'F1': 0.6100784527414143, 'AUC': 0.8027773271679407, 'Confusion_matrix': array([[0.25      , 0.5       , 0.25      ],
       [0.05069124, 0.80184332, 0.14746544],
       [0.00649351, 0.23376623, 0.75974026]])}
mcc	 0.48746268417546634
