accuracy   0.7360178970917226
precision   0.741681254934267
Recall   0.6992092180787335
F1   0.7100008240472538
AUC   0.8656814795056338
Confusion_matrix   [[0.51515152 0.32323232 0.16161616]
 [0.04697987 0.73825503 0.2147651 ]
 [0.03517588 0.12060302 0.84422111]]
[1 1 2 2 0 1 2 2 2 2 0 1 2 1 2 2 0 1 2 0 2 0 1 1 1 0 2 0 2 2 2 2 2 2 1 1 1
 2 2 1 2 2 1 2 1 1 1 1 2 1 1 2 0 1 2 1 2 1 2 2 0 2 1 2 2 0 2 2 0 1 0 2 0 2
 2 2 2 2 0 1 2 2 2 2 2 2 0 2 0 2 2 0 0 1 1 1 0 1 2 1 2 2 1 2 2 2 1 1 1 1 1
 1 2 1 0 2 2 2 1 2 1 1 0 2 0 0 2 1 2 2 1 2 1 1 1 0 1 0 2 1 1 0 0 1 1 2 2 2
 0 2 2 2 2 2 2 2 2 1 2 0 1 1 1 2 0 1 2 1 1 1 2 1 1 2 2 1 1 1 1 2 2 2 2 2 0
 2 1 0 1 1 0 2 0 1 2 2 2 2 2 2 2 1 1 1 1 1 2 2 0 1 2 2 2 2 0 1 1 2 2 1 2 1
 2 1 0 1 2 1 2 2 2 1 2 0 1 0 2 2 1 2 2 1 2 2 1 1 2 0 1 2 1 2 2 2 2 1 0 2 1
 2 2 2 2 1 1 0 1 1 2 2 2 1 1 2 2 2 1 1 1 0 1 2 1 1 2 2 2 1 2 2 0 2 2 2 0 1
 1 2 2 2 2 2 2 2 1 1 2 1 2 2 0 2 2 0 2 2 2 1 2 1 0 0 2 1 2 0 1 2 0 1 0 2 1
 1 2 1 2 1 2 0 1 1 1 2 1 1 1 0 2 1 2 2 2 2 2 1 2 2 0 2 2 2 1 0 0 2 2 2 2 1
 1 1 2 2 0 2 2 2 1 1 1 1 2 2 0 2 1 2 2 0 0 2 2 1 2 1 2 1 1 1 1 1 2 2 1 2 2
 2 1 0 0 2 1 2 1 1 1 2 2 1 1 2 2 1 2 1 1 1 1 1 1 2 2 0 1 1 2 2 1 1 1 2 2 1
 1 0 2]
{'accuracy': 0.7360178970917226, 'precision': 0.741681254934267, 'Recall': 0.6992092180787335, 'F1': 0.7100008240472538, 'AUC': 0.8656814795056338, 'Confusion_matrix': array([[0.51515152, 0.32323232, 0.16161616],
       [0.04697987, 0.73825503, 0.2147651 ],
       [0.03517588, 0.12060302, 0.84422111]])}
mcc	 0.5844854020008017
