accuracy   0.7539149888143176
precision   0.7470955212333972
Recall   0.7211352316895153
F1   0.729915058713657
AUC   0.877950791571266
Confusion_matrix   [[0.60447761 0.11940299 0.2761194 ]
 [0.16981132 0.66037736 0.16981132]
 [0.06763285 0.03381643 0.89855072]]
[1 1 2 2 2 1 2 2 0 0 0 2 1 2 1 2 2 1 2 1 2 2 1 2 2 0 2 0 2 2 2 2 0 2 2 0 0
 2 2 1 2 2 0 2 0 0 1 0 0 1 1 2 1 2 2 0 0 0 2 2 0 0 2 2 2 0 2 2 0 0 2 2 2 2
 2 0 2 1 2 2 2 2 2 2 1 2 0 2 2 2 2 0 0 1 1 1 0 1 2 1 1 2 0 2 1 2 0 1 2 0 1
 2 1 0 2 2 2 1 2 2 1 1 0 2 0 2 2 0 0 0 1 2 0 1 1 1 1 0 2 1 0 0 2 2 2 2 2 2
 1 2 2 0 2 2 2 0 1 1 2 0 2 2 2 2 2 1 2 0 2 2 0 2 1 2 1 1 0 0 2 2 0 0 0 2 2
 2 0 0 0 0 1 2 0 1 0 2 2 0 2 2 2 0 2 2 1 1 2 0 0 0 1 1 2 2 2 2 1 2 2 1 2 2
 2 1 0 2 2 0 2 2 0 0 1 0 0 2 2 2 1 0 2 1 0 2 1 0 1 0 2 2 0 2 2 2 2 1 0 0 2
 2 2 2 2 1 2 0 2 0 2 2 2 1 1 1 2 2 2 0 0 0 2 2 1 2 0 1 2 1 2 2 0 2 2 2 0 1
 1 2 1 2 2 1 2 2 0 1 2 2 2 2 2 2 2 2 0 2 2 1 2 2 1 2 2 0 2 2 0 2 0 1 2 2 2
 2 2 1 2 1 0 0 1 0 2 2 1 1 2 0 1 2 2 2 2 2 1 1 2 0 2 2 2 2 0 0 0 2 2 1 2 0
 0 2 2 2 2 0 2 0 2 1 2 2 2 2 2 2 2 2 2 2 0 2 2 1 2 2 2 2 0 1 1 2 2 2 1 2 2
 2 2 0 2 0 0 2 0 1 0 0 2 0 2 2 2 0 2 1 1 2 0 1 2 1 2 0 1 2 2 2 1 0 0 2 2 2
 1 0 2]
{'accuracy': 0.7539149888143176, 'precision': 0.7470955212333972, 'Recall': 0.7211352316895153, 'F1': 0.729915058713657, 'AUC': 0.877950791571266, 'Confusion_matrix': array([[0.60447761, 0.11940299, 0.2761194 ],
       [0.16981132, 0.66037736, 0.16981132],
       [0.06763285, 0.03381643, 0.89855072]])}
mcc	 0.6109873122841594
