accuracy   0.6644295302013423
precision   0.6678439735217024
Recall   0.6317296935249012
F1   0.6434949562362337
AUC   0.7829325367511183
Confusion_matrix   [[0.56603774 0.20754717 0.22641509]
 [0.08208955 0.52238806 0.39552239]
 [0.04347826 0.14975845 0.80676329]]
[0 1 2 2 1 0 0 1 0 2 2 1 0 0 0 0 2 0 0 0 0 0 0 0 2 0 1 0 0 2 2 2 0 0 0 1 0
 0 0 0 1 2 1 2 0 0 2 0 2 1 0 0 2 0 0 1 0 0 0 0 1 0 0 1 0 1 0 2 0 1 0 2 2 0
 1 0 0 1 0 0 1 0 2 0 2 0 0 2 1 0 0 1 2 0 0 0 1 2 2 1 2 1 0 0 0 0 2 2 2 1 2
 2 0 2 2 0 1 1 1 2 1 1 0 1 2 1 2 1 2 2 2 1 2 2 2 1 1 1 1 1 2 0 2 1 1 1 1 2
 1 1 1 1 2 1 0 2 2 1 1 1 1 1 1 2 2 1 0 1 2 1 2 1 1 2 1 1 1 2 2 1 1 0 2 2 2
 1 2 1 1 1 1 2 2 1 0 2 2 1 2 2 1 2 1 1 1 1 2 2 1 1 2 2 1 1 1 1 2 1 2 0 1 1
 2 1 1 2 0 1 1 2 2 1 2 2 1 0 1 1 2 1 2 2 2 1 2 2 2 2 2 2 2 2 2 1 2 2 2 1 2
 2 1 2 2 2 2 2 1 1 2 2 2 2 2 2 2 2 1 2 2 2 2 1 2 2 2 2 2 2 2 2 1 2 2 2 2 2
 2 2 2 2 2 2 1 2 2 2 0 2 2 2 2 2 1 2 2 2 2 2 2 2 2 1 2 2 0 2 1 2 2 2 2 2 2
 2 2 2 2 2 2 2 2 2 2 1 2 2 2 0 2 1 2 2 2 2 2 2 2 2 2 2 2 2 2 2 2 1 2 1 2 2
 1 1 2 2 2 2 2 2 0 0 2 2 2 2 1 2 2 2 1 1 2 2 2 2 1 1 2 1 1 0 2 2 2 2 2 0 2
 1 2 2 2 2 1 2 2 2 2 0 2 2 2 0 2 2 2 2 2 2 1 2 2 2 2 2 2 2 2 1 2 2 2 2 2 2
 2 2 1]
{'accuracy': 0.6644295302013423, 'precision': 0.6678439735217024, 'Recall': 0.6317296935249012, 'F1': 0.6434949562362337, 'AUC': 0.7829325367511183, 'Confusion_matrix': array([[0.56603774, 0.20754717, 0.22641509],
       [0.08208955, 0.52238806, 0.39552239],
       [0.04347826, 0.14975845, 0.80676329]])}
mcc	 0.46510858518747
