accuracy   0.6286353467561522
precision   0.7462647238957968
Recall   0.4878893254452122
F1   0.5219135775138998
AUC   0.7466625337510041
Confusion_matrix   [[0.56284153 0.43715847 0.        ]
 [0.28099174 0.71900826 0.        ]
 [0.13636364 0.68181818 0.18181818]]
[0 0 0 1 1 1 1 1 1 1 1 1 1 0 0 0 1 1 1 1 0 0 1 1 0 0 0 0 0 1 1 0 0 0 1 1 1
 0 1 0 0 1 0 1 0 1 1 1 1 0 0 1 1 1 1 1 1 1 1 1 1 0 1 1 0 1 1 1 0 0 1 1 0 1
 0 1 1 0 0 0 1 1 0 0 1 1 1 1 1 0 1 0 0 0 1 1 1 1 1 2 1 1 1 0 0 1 1 0 1 1 1
 1 0 1 1 0 1 0 0 1 0 1 0 1 0 0 1 1 0 0 1 1 1 1 0 1 1 1 0 1 0 0 1 1 1 0 0 0
 1 0 0 1 1 1 0 1 1 1 0 1 1 0 1 0 1 1 1 1 1 0 1 1 0 0 0 0 1 1 1 1 1 0 0 1 0
 1 1 1 1 0 0 0 1 0 0 1 0 0 1 1 1 0 1 1 1 1 1 0 1 1 1 0 0 1 1 1 1 1 1 1 0 1
 0 0 1 0 0 1 0 0 0 1 1 1 0 0 0 0 1 0 1 1 0 1 0 1 1 1 0 1 1 0 1 1 1 1 0 0 1
 1 1 0 0 1 1 1 1 0 0 1 0 1 1 1 0 1 1 1 0 1 0 0 1 1 0 1 0 1 0 1 1 1 0 1 1 0
 0 1 1 0 1 2 1 1 0 1 0 0 0 1 0 0 0 1 0 0 1 1 1 1 1 0 0 1 0 2 1 0 1 1 1 1 0
 0 0 1 1 0 1 0 0 1 1 1 1 1 1 1 1 0 0 0 1 1 1 1 1 1 0 1 1 1 1 1 0 1 1 1 0 1
 0 1 1 1 1 1 1 1 0 0 0 0 0 1 0 1 1 1 1 1 1 0 1 0 1 0 1 1 1 0 1 1 0 1 0 0 1
 0 0 1 0 1 1 1 1 0 1 0 1 1 1 0 0 0 0 0 0 1 0 0 1 1 1 0 1 0 1 0 1 1 1 0 1 2
 1 1 1]
{'accuracy': 0.6286353467561522, 'precision': 0.7462647238957968, 'Recall': 0.4878893254452122, 'F1': 0.5219135775138998, 'AUC': 0.7466625337510041, 'Confusion_matrix': array([[0.56284153, 0.43715847, 0.        ],
       [0.28099174, 0.71900826, 0.        ],
       [0.13636364, 0.68181818, 0.18181818]])}
mcc	 0.2799426223073622
