accuracy   0.6957494407158836
precision   0.6844403254041808
Recall   0.5173538470478847
F1   0.5390123654967044
AUC   0.7716984378632031
Confusion_matrix   [[0.74476987 0.25104603 0.0041841 ]
 [0.31770833 0.68229167 0.        ]
 [0.625      0.25       0.125     ]]
[0 0 0 0 0 0 1 0 1 1 1 0 0 0 0 0 0 1 0 0 0 0 0 1 0 0 1 1 0 1 0 1 0 0 0 0 1
 1 1 0 1 0 2 0 0 0 0 1 1 0 0 1 0 0 0 0 1 0 1 0 0 1 0 0 0 1 0 0 0 1 0 1 0 0
 0 0 0 0 0 1 0 0 0 1 1 0 0 0 0 0 0 0 0 1 0 0 0 0 1 1 0 0 0 0 1 0 0 1 1 0 0
 0 0 1 0 0 0 1 1 0 1 0 0 1 1 0 0 0 0 0 0 0 0 0 0 1 0 0 0 1 0 0 0 0 1 0 0 0
 0 1 0 0 0 0 0 0 0 0 0 1 0 1 0 0 0 0 0 0 0 0 1 0 0 0 0 0 0 1 0 0 0 0 0 0 0
 0 0 0 1 0 0 0 0 0 1 0 1 0 0 0 0 0 0 1 0 1 0 0 0 0 1 0 1 0 0 0 0 0 0 1 0 0
 1 0 0 1 0 0 1 0 1 0 0 0 0 1 1 0 0 1 1 1 1 1 1 1 1 0 1 1 0 0 0 1 1 0 1 1 1
 0 1 1 0 1 1 1 1 1 1 0 1 1 1 1 0 1 1 0 0 0 0 1 1 1 1 0 1 0 1 1 1 1 0 0 1 1
 1 1 1 1 1 1 1 1 0 1 0 1 1 1 1 0 1 1 1 0 1 1 0 1 0 0 1 1 1 1 1 1 1 0 1 1 0
 0 1 1 1 0 1 0 1 0 1 0 1 1 1 1 1 0 1 1 0 0 0 1 1 0 1 1 1 1 1 0 0 1 1 1 1 0
 0 1 1 1 1 1 1 1 1 0 0 0 0 0 1 0 0 1 1 1 1 1 0 1 1 1 0 1 1 0 1 1 1 1 0 1 0
 0 1 0 1 1 1 1 1 0 0 1 0 1 0 1 0 1 1 1 0 0 1 1 1 0 2 0 0 0 1 0 2 0 0 0 1 1
 0 1 0]
{'accuracy': 0.6957494407158836, 'precision': 0.6844403254041808, 'Recall': 0.5173538470478847, 'F1': 0.5390123654967044, 'AUC': 0.7716984378632031, 'Confusion_matrix': array([[0.74476987, 0.25104603, 0.0041841 ],
       [0.31770833, 0.68229167, 0.        ],
       [0.625     , 0.25      , 0.125     ]])}
mcc	 0.4094119718360759
