accuracy   0.7651006711409396
precision   0.7812073231428069
Recall   0.731130853689958
F1   0.7448009404763326
AUC   0.8817546026746391
Confusion_matrix   [[0.56565657 0.31313131 0.12121212]
 [0.02684564 0.75838926 0.2147651 ]
 [0.02512563 0.10552764 0.86934673]]
[1 1 2 2 0 1 2 2 2 2 0 2 2 2 2 2 0 1 2 1 2 1 1 1 0 0 2 1 2 2 2 2 2 2 2 0 1
 2 2 1 2 2 1 2 1 1 1 1 0 1 1 2 0 0 2 1 1 1 2 2 0 2 1 2 2 0 2 2 0 1 0 2 2 2
 2 2 1 2 2 1 2 2 2 2 2 2 0 2 0 2 2 0 0 2 2 1 1 1 2 1 2 2 1 2 2 2 1 1 0 1 1
 1 2 1 1 2 2 2 1 2 1 1 0 2 0 0 2 1 2 0 1 2 1 1 1 0 1 0 2 1 1 0 0 1 1 2 2 2
 0 2 2 2 2 2 2 2 1 1 2 0 1 1 0 2 0 1 2 1 1 0 2 1 1 2 1 1 1 1 1 2 1 2 2 2 0
 2 1 0 2 1 1 2 0 1 2 2 2 0 2 2 2 1 2 1 1 1 2 0 1 1 2 2 2 2 0 1 1 2 2 1 2 1
 2 1 0 1 2 1 2 2 2 1 2 0 1 0 2 2 1 2 2 1 2 2 1 1 1 0 1 2 1 2 2 2 2 1 1 2 0
 2 2 2 2 1 1 0 1 1 2 2 2 1 2 2 2 2 1 1 1 0 1 2 1 1 2 2 2 1 2 2 2 2 2 2 0 1
 1 2 2 2 2 2 2 2 1 1 2 1 2 2 1 2 2 0 2 2 2 1 2 1 0 1 2 1 2 0 1 2 0 1 0 2 1
 1 2 1 1 1 2 0 1 1 1 2 1 1 1 0 2 1 2 2 2 2 2 1 2 2 0 2 2 2 1 0 2 2 2 2 2 1
 1 1 2 2 0 2 2 2 1 1 1 1 2 2 0 2 1 2 2 0 0 2 2 0 2 1 2 1 1 1 1 1 2 2 1 2 2
 2 1 0 0 2 1 2 1 1 1 2 2 1 1 2 2 1 2 1 1 1 0 1 1 2 2 0 1 1 2 2 1 2 1 2 2 1
 1 0 0]
{'accuracy': 0.7651006711409396, 'precision': 0.7812073231428069, 'Recall': 0.731130853689958, 'F1': 0.7448009404763326, 'AUC': 0.8817546026746391, 'Confusion_matrix': array([[0.56565657, 0.31313131, 0.12121212],
       [0.02684564, 0.75838926, 0.2147651 ],
       [0.02512563, 0.10552764, 0.86934673]])}
mcc	 0.6309338185503979
