accuracy   0.6599552572706935
precision   0.7702999965948173
Recall   0.47252731287773125
F1   0.4833929437408038
AUC   0.7569907528475127
Confusion_matrix   [[0.0625     0.5625     0.375     ]
 [0.         0.71966527 0.28033473]
 [0.         0.36458333 0.63541667]]
[2 1 2 1 2 1 1 1 1 2 1 1 2 2 1 1 1 2 1 2 2 1 2 2 1 2 2 2 2 1 1 1 2 1 2 2 2
 2 2 1 1 1 1 2 2 1 1 2 1 1 2 1 1 1 1 1 2 1 1 1 2 1 1 2 1 1 1 2 1 1 2 2 2 2
 1 2 2 1 2 1 2 1 1 2 1 1 2 1 1 2 2 1 2 2 2 2 2 2 2 1 1 2 1 1 1 1 1 1 1 1 2
 1 2 1 1 2 2 1 1 2 2 2 2 2 1 1 1 1 1 1 2 2 1 2 2 2 2 2 1 2 1 2 1 1 1 2 1 1
 1 2 1 2 1 2 2 1 1 2 2 1 2 2 1 2 2 1 2 2 1 1 2 2 2 2 1 1 2 1 2 1 1 1 2 1 2
 2 1 1 2 2 2 1 2 2 2 1 1 1 2 2 1 2 1 1 1 2 2 1 1 1 1 1 1 2 1 2 1 1 1 1 2 1
 2 1 1 1 2 1 2 1 1 1 1 2 1 1 2 2 2 1 1 1 1 2 1 1 2 2 1 1 1 1 1 1 1 1 1 2 1
 2 2 2 1 2 2 1 1 2 2 2 2 1 1 2 1 2 2 2 2 2 1 2 1 2 1 1 1 2 2 2 1 1 1 1 2 2
 2 1 2 1 1 2 2 2 1 2 1 1 1 2 2 1 1 1 2 1 1 2 1 2 1 2 1 1 1 1 1 1 1 1 2 2 1
 1 2 1 1 1 0 2 1 2 1 2 2 1 1 1 2 1 1 1 2 1 1 2 1 1 2 1 2 2 2 2 1 1 2 1 1 2
 2 1 2 1 1 1 2 2 2 1 1 2 1 1 1 1 1 2 2 1 1 2 1 1 2 1 2 2 1 1 1 2 1 1 1 1 2
 1 1 1 2 1 1 2 1 1 2 1 2 1 1 1 1 1 2 1 1 1 1 2 1 2 1 2 2 1 1 2 1 2 1 2 2 2
 1 2 2]
{'accuracy': 0.6599552572706935, 'precision': 0.7702999965948173, 'Recall': 0.47252731287773125, 'F1': 0.4833929437408038, 'AUC': 0.7569907528475127, 'Confusion_matrix': array([[0.0625    , 0.5625    , 0.375     ],
       [0.        , 0.71966527, 0.28033473],
       [0.        , 0.36458333, 0.63541667]])}
mcc	 0.3370589096915466
