accuracy   0.6599552572706935
precision   0.6039576130646204
Recall   0.4698475063601741
F1   0.47309368191721135
AUC   0.7249664371666812
Confusion_matrix   [[0.04545455 0.72727273 0.22727273]
 [0.         0.75206612 0.24793388]
 [0.00546448 0.38251366 0.61202186]]
[1 1 1 1 1 1 2 1 2 1 1 1 2 1 2 1 1 1 1 0 2 1 1 1 2 2 1 1 1 1 1 1 1 1 2 1 2
 1 1 2 2 1 2 1 1 1 1 1 2 2 2 1 1 1 1 1 2 1 1 1 1 1 1 1 1 1 1 1 1 1 2 1 2 2
 1 1 2 1 2 1 2 2 2 1 1 1 1 2 1 1 2 2 2 1 1 1 1 1 1 2 1 1 1 2 1 1 1 1 1 1 1
 1 1 1 1 1 1 1 1 2 1 1 1 1 1 1 1 1 1 2 2 1 2 1 2 2 1 1 1 1 1 1 1 2 1 1 1 1
 1 1 1 1 2 1 1 1 1 1 2 1 1 1 1 1 1 1 1 2 1 1 2 1 1 1 2 1 2 2 1 1 2 2 1 2 1
 1 1 1 2 1 1 1 2 1 2 1 2 1 1 1 1 1 2 2 1 1 1 1 2 1 1 1 2 1 1 1 1 1 1 2 1 2
 1 1 1 1 1 1 1 1 1 1 1 2 2 1 1 1 2 1 1 1 1 1 2 1 1 1 1 1 1 1 1 2 2 1 1 1 2
 1 1 1 2 1 2 2 2 1 1 1 1 1 2 1 2 2 2 1 2 2 1 1 1 2 1 1 2 1 1 1 2 2 2 1 2 1
 1 2 1 1 2 2 2 2 2 2 1 2 2 2 1 2 2 2 2 2 2 1 2 2 2 2 1 2 2 1 2 1 2 2 2 2 2
 2 1 1 1 1 1 1 1 1 1 1 1 1 2 2 2 2 2 1 1 2 1 1 2 2 2 2 2 2 1 2 2 2 1 2 2 2
 1 2 2 2 1 2 1 1 1 2 2 2 2 1 1 1 2 1 2 2 2 2 2 2 0 1 2 2 2 2 1 2 1 2 2 2 1
 2 2 1 1 2 2 2 1 1 2 2 2 1 2 1 1 1 2 2 1 1 1 1 1 2 2 2 2 2 2 2 2 2 2 2 2 2
 2 2 2]
{'accuracy': 0.6599552572706935, 'precision': 0.6039576130646204, 'Recall': 0.4698475063601741, 'F1': 0.47309368191721135, 'AUC': 0.7249664371666812, 'Confusion_matrix': array([[0.04545455, 0.72727273, 0.22727273],
       [0.        , 0.75206612, 0.24793388],
       [0.00546448, 0.38251366, 0.61202186]])}
mcc	 0.33954787445851015
