accuracy   0.6890380313199105
precision   0.6853679653679654
Recall   0.5900179333965413
F1   0.5909707816791121
AUC   0.8072476173676756
Confusion_matrix   [[0.19736842 0.52631579 0.27631579]
 [0.02764977 0.80645161 0.16589862]
 [0.00649351 0.22727273 0.76623377]]
[1 2 1 1 2 1 1 1 2 1 1 1 1 2 1 2 1 1 1 2 2 2 1 2 1 2 1 2 1 2 1 1 2 2 1 2 1
 2 1 1 1 0 2 1 1 1 1 2 2 2 1 2 2 1 2 1 1 2 1 1 1 2 1 0 1 1 1 1 2 1 1 1 2 2
 1 2 1 1 1 2 2 2 2 2 1 1 2 1 0 1 1 1 2 2 0 1 1 1 1 2 1 2 1 1 2 1 2 2 1 1 1
 1 2 0 2 0 1 2 2 2 1 2 1 1 2 1 1 1 1 0 1 2 1 1 2 1 1 1 1 2 2 2 1 1 2 1 2 2
 1 1 2 2 2 1 1 1 1 1 1 2 2 2 2 1 2 1 1 1 1 1 2 1 1 2 1 2 2 1 1 1 2 1 2 1 1
 1 2 1 1 1 1 1 1 1 1 2 1 1 1 2 1 2 0 1 1 1 1 1 1 1 1 2 1 1 1 1 1 1 1 2 2 2
 0 1 1 2 1 0 1 1 1 1 0 1 2 1 1 1 2 1 2 2 2 1 1 0 1 0 2 1 1 2 1 2 1 2 2 2 2
 1 0 1 2 2 2 2 2 1 1 1 1 2 1 2 2 1 1 1 2 1 2 1 1 1 1 2 1 2 2 1 1 1 1 1 1 2
 2 2 0 1 1 1 2 1 2 2 2 2 1 1 2 1 1 2 1 1 2 2 1 1 2 0 2 2 0 1 2 2 1 1 1 1 1
 2 1 1 1 2 1 1 1 2 2 1 2 1 1 1 1 1 1 2 1 1 1 1 1 1 1 2 2 2 2 1 2 2 2 1 2 2
 2 2 1 2 1 2 1 2 1 0 2 1 1 2 1 2 2 2 2 2 2 2 2 1 2 2 2 1 2 1 2 2 2 1 2 1 1
 0 1 2 1 1 1 1 2 2 2 2 1 0 1 1 1 2 2 2 2 2 2 1 1 2 2 0 1 1 1 0 1 1 1 1 2 1
 1 1 2]
{'accuracy': 0.6890380313199105, 'precision': 0.6853679653679654, 'Recall': 0.5900179333965413, 'F1': 0.5909707816791121, 'AUC': 0.8072476173676756, 'Confusion_matrix': array([[0.19736842, 0.52631579, 0.27631579],
       [0.02764977, 0.80645161, 0.16589862],
       [0.00649351, 0.22727273, 0.76623377]])}
mcc	 0.4790659447117065
