accuracy   0.7472035794183445
precision   0.7381681796261851
Recall   0.7117012694253643
F1   0.7206768707482993
AUC   0.8648849114195679
Confusion_matrix   [[0.60447761 0.1119403  0.28358209]
 [0.20754717 0.63207547 0.16037736]
 [0.06280193 0.03864734 0.89855072]]
[1 1 2 2 2 1 2 2 0 0 0 2 1 2 1 2 2 1 2 1 2 1 1 2 2 0 2 0 2 2 2 2 1 2 2 1 0
 2 2 1 2 2 1 2 0 0 1 0 0 1 1 2 0 2 2 0 0 0 2 2 0 1 2 2 2 0 2 2 0 0 2 2 2 2
 2 0 2 1 2 2 2 0 2 2 1 2 0 2 2 2 2 0 0 0 1 0 0 1 2 1 2 2 0 2 1 2 0 1 2 1 1
 2 1 0 2 2 2 1 2 2 1 0 0 2 0 0 2 0 0 0 1 2 0 1 1 1 1 0 2 1 0 0 2 2 2 2 2 2
 0 2 2 0 2 2 2 1 1 0 2 0 2 2 2 2 2 1 2 0 2 2 0 2 1 2 1 1 0 0 2 2 0 0 0 2 2
 2 2 0 0 0 1 2 0 1 0 2 2 0 2 2 2 0 2 2 1 1 2 2 0 1 0 1 2 2 2 2 1 2 2 1 2 2
 2 1 0 2 2 1 2 2 2 0 1 0 0 2 2 2 1 2 2 1 0 2 0 0 1 0 2 2 0 2 2 2 2 1 0 0 2
 2 2 2 2 1 0 0 2 1 2 2 2 1 1 0 2 2 2 0 0 0 2 2 1 2 0 1 2 0 2 2 0 2 2 2 0 1
 1 2 1 2 2 1 2 2 0 1 2 2 2 2 2 2 2 2 0 2 2 1 2 2 1 2 2 0 2 2 1 2 0 1 2 2 2
 2 2 1 2 1 0 0 1 0 2 2 1 1 2 0 1 2 2 2 2 2 1 1 2 0 2 2 2 2 0 0 0 2 2 1 2 0
 0 1 2 2 2 0 2 0 2 1 2 2 2 2 2 2 2 2 2 0 0 2 2 0 2 2 2 2 0 1 2 2 2 2 0 2 2
 2 2 0 2 0 0 2 0 1 0 0 2 0 2 0 2 0 2 1 2 2 0 1 2 1 2 0 1 2 2 2 1 0 0 2 2 2
 1 0 2]
{'accuracy': 0.7472035794183445, 'precision': 0.7381681796261851, 'Recall': 0.7117012694253643, 'F1': 0.7206768707482993, 'AUC': 0.8648849114195679, 'Confusion_matrix': array([[0.60447761, 0.1119403 , 0.28358209],
       [0.20754717, 0.63207547, 0.16037736],
       [0.06280193, 0.03864734, 0.89855072]])}
mcc	 0.599837911810097
