accuracy   0.738255033557047
precision   0.76971599940021
Recall   0.6481599894163561
F1   0.6614430761048724
AUC   0.8371953658759382
Confusion_matrix   [[0.81168831 0.00649351 0.18181818]
 [0.19736842 0.28947368 0.51315789]
 [0.14285714 0.01382488 0.84331797]]
[0 0 2 0 0 0 0 2 0 2 2 0 0 2 0 0 0 2 0 2 2 0 0 0 0 0 0 2 0 0 2 0 0 0 0 0 0
 0 0 0 2 2 0 0 2 0 0 0 0 0 0 0 0 0 0 0 0 0 0 0 2 0 0 0 0 0 0 0 2 0 1 2 0 2
 0 0 0 0 0 0 0 0 0 0 0 0 0 0 0 0 2 0 0 0 0 0 0 0 2 0 0 2 2 0 0 0 0 0 0 0 0
 0 0 0 0 0 0 2 0 0 0 0 0 2 0 0 0 0 0 0 2 0 0 0 0 0 2 0 0 0 2 2 0 0 0 0 2 0
 0 0 0 0 0 0 2 0 2 2 2 2 2 2 2 1 0 2 2 2 2 2 1 1 2 1 1 1 0 2 0 2 1 2 2 0 1
 1 2 2 0 1 2 2 2 1 2 2 0 2 2 2 1 2 2 2 0 1 0 2 2 1 2 0 1 2 0 0 1 2 1 0 0 1
 1 0 2 2 1 2 1 1 2 2 2 2 2 2 2 2 2 0 2 2 2 2 2 0 2 2 2 2 2 2 2 2 0 2 2 0 2
 0 2 0 2 2 2 2 2 2 0 0 2 2 2 2 0 2 2 2 2 2 2 2 2 0 2 2 2 2 2 2 0 2 1 2 2 2
 2 2 2 2 2 0 2 2 2 0 0 2 1 2 2 2 2 2 2 2 2 2 2 2 2 2 2 2 2 2 2 2 2 2 0 2 2
 2 0 2 2 2 2 2 0 2 2 2 2 2 2 2 2 2 2 2 2 0 0 2 2 2 0 2 2 2 2 0 2 2 2 2 2 2
 0 2 2 0 2 2 2 2 2 2 2 2 2 2 2 2 2 2 2 2 2 2 2 2 0 2 2 2 0 1 2 2 2 2 0 2 2
 2 2 2 2 0 2 2 2 2 2 2 2 2 2 2 2 2 0 2 2 0 2 2 2 0 2 2 2 2 2 0 2 2 2 2 2 2
 2 2 2]
{'accuracy': 0.738255033557047, 'precision': 0.76971599940021, 'Recall': 0.6481599894163561, 'F1': 0.6614430761048724, 'AUC': 0.8371953658759382, 'Confusion_matrix': array([[0.81168831, 0.00649351, 0.18181818],
       [0.19736842, 0.28947368, 0.51315789],
       [0.14285714, 0.01382488, 0.84331797]])}
mcc	 0.5645969012437115
