accuracy   0.7651006711409396
precision   0.78781503396888
Recall   0.7316929482792354
F1   0.746419010387655
AUC   0.882341849577356
Confusion_matrix   [[0.56565657 0.31313131 0.12121212]
 [0.02684564 0.76510067 0.20805369]
 [0.01507538 0.12060302 0.86432161]]
[1 1 2 2 0 1 2 2 2 2 0 2 1 2 2 2 0 1 2 1 2 1 1 1 1 0 2 1 2 2 2 2 2 2 2 0 1
 2 2 1 2 2 1 2 1 1 1 1 0 1 1 2 0 0 2 1 1 1 2 2 0 2 1 2 2 0 2 2 0 1 0 2 1 2
 2 2 1 2 2 1 2 2 2 2 2 2 0 2 0 2 2 0 0 2 2 1 1 1 2 1 2 2 1 2 2 2 1 1 0 1 1
 1 2 1 1 2 2 2 1 2 1 1 0 2 0 0 2 1 2 0 1 2 1 1 1 0 1 0 2 1 1 0 0 1 1 2 2 2
 0 2 2 2 2 2 2 2 1 1 2 0 1 1 0 2 0 1 2 1 1 1 2 1 1 2 1 1 1 1 1 2 1 2 2 2 0
 2 1 0 2 1 1 2 0 1 2 2 2 0 2 2 2 1 2 1 1 1 2 0 1 1 2 2 2 2 0 1 1 2 2 1 2 1
 2 1 0 1 2 1 2 2 2 1 2 0 1 0 2 2 1 2 2 1 2 2 1 1 1 0 1 2 1 2 2 2 2 1 1 2 0
 2 2 2 2 1 1 0 1 1 2 2 2 1 2 2 2 2 1 1 1 0 1 2 1 1 2 2 2 1 2 2 2 2 2 2 0 1
 1 2 2 2 2 2 2 2 1 1 2 1 2 2 1 2 2 0 2 2 2 1 2 1 0 1 2 1 2 0 1 2 0 1 0 2 1
 1 2 1 1 1 2 0 1 1 1 2 1 1 1 0 2 1 2 2 2 2 2 1 2 2 0 2 2 2 1 0 2 2 2 2 2 1
 1 1 2 2 0 2 2 2 1 1 1 1 2 2 0 2 1 2 2 0 0 2 2 0 2 1 2 1 1 1 1 1 2 2 1 2 2
 2 1 0 0 2 1 2 1 1 1 2 2 1 1 2 2 1 2 1 1 1 0 1 1 2 2 0 1 1 2 2 1 2 1 2 2 1
 1 0 0]
{'accuracy': 0.7651006711409396, 'precision': 0.78781503396888, 'Recall': 0.7316929482792354, 'F1': 0.746419010387655, 'AUC': 0.882341849577356, 'Confusion_matrix': array([[0.56565657, 0.31313131, 0.12121212],
       [0.02684564, 0.76510067, 0.20805369],
       [0.01507538, 0.12060302, 0.86432161]])}
mcc	 0.631496464006888
