accuracy   0.7516778523489933
precision   0.749820788530466
Recall   0.5757569153881915
F1   0.606435187395982
AUC   0.8473438952812646
Confusion_matrix   [[0.79497908 0.20502092 0.        ]
 [0.25       0.74479167 0.00520833]
 [0.625      0.1875     0.1875    ]]
[0 0 1 1 1 0 0 0 0 1 1 1 1 1 1 0 0 0 2 0 0 1 0 1 1 0 0 1 0 1 1 0 0 0 1 1 0
 0 1 0 1 0 0 1 0 0 0 0 0 1 1 1 1 1 1 1 1 1 1 0 1 0 1 0 0 0 0 1 0 0 1 0 0 1
 1 1 0 0 0 0 0 0 1 1 1 0 0 1 0 1 0 0 0 0 1 1 1 0 1 1 1 1 0 1 0 0 1 1 1 1 1
 0 1 0 1 1 1 1 0 1 0 0 0 0 0 0 0 0 0 0 0 0 1 0 0 1 0 0 1 1 1 1 0 0 0 0 0 0
 0 2 1 0 0 1 1 2 1 0 0 1 1 0 1 1 1 0 0 0 1 1 0 0 1 1 0 1 0 0 0 1 0 0 0 1 0
 0 0 1 0 1 0 0 1 0 0 0 1 0 0 0 1 1 0 0 1 1 0 1 0 0 0 0 0 1 0 1 0 1 0 1 0 0
 1 0 1 0 0 1 1 0 0 0 0 1 1 0 1 0 1 1 1 1 1 1 0 0 1 0 1 1 0 0 0 1 0 1 1 1 1
 1 0 1 1 1 1 0 1 1 0 1 1 0 0 1 1 0 0 1 1 0 0 1 0 1 1 1 1 0 1 0 1 1 1 1 0 0
 1 0 0 1 0 0 1 0 0 1 1 0 0 0 1 0 0 1 0 0 0 1 0 1 1 0 0 0 1 0 0 1 0 0 0 1 0
 1 1 2 0 0 1 1 0 1 1 0 1 0 1 0 1 0 0 0 0 0 1 1 1 0 1 0 1 0 1 0 1 1 1 1 1 0
 0 0 0 0 1 0 0 0 1 1 0 0 0 1 1 0 1 1 0 0 0 0 0 0 1 0 1 0 1 0 0 0 1 0 0 0 0
 0 0 0 0 0 0 0 0 0 0 0 1 1 0 1 0 0 0 0 1 0 0 1 1 0 0 1 0 1 0 0 1 0 1 0 0 1
 0 0 0]
{'accuracy': 0.7516778523489933, 'precision': 0.749820788530466, 'Recall': 0.5757569153881915, 'F1': 0.606435187395982, 'AUC': 0.8473438952812646, 'Confusion_matrix': array([[0.79497908, 0.20502092, 0.        ],
       [0.25      , 0.74479167, 0.00520833],
       [0.625     , 0.1875    , 0.1875    ]])}
mcc	 0.5191976319186912
