accuracy   0.7740492170022372
precision   0.772448458639278
Recall   0.6165153773201463
F1   0.6544938685566577
AUC   0.8632246116496219
Confusion_matrix   [[0.27272727 0.         0.72727273]
 [0.         0.70491803 0.29508197]
 [0.00826446 0.11983471 0.87190083]]
[2 2 1 2 1 1 2 2 2 2 1 1 1 2 1 2 1 2 2 1 1 2 2 2 1 1 1 2 2 1 1 2 2 2 1 1 2
 1 2 2 2 2 2 2 2 2 2 2 2 2 2 2 2 2 2 1 2 2 2 2 1 2 0 2 2 2 2 2 1 2 2 2 2 1
 1 1 2 1 2 1 1 1 2 2 2 1 2 2 1 2 2 1 1 2 2 1 2 2 2 1 1 1 2 2 2 1 2 2 1 2 1
 2 2 1 2 1 2 2 2 1 2 2 2 1 2 2 2 2 2 2 1 1 0 1 1 1 1 2 2 1 1 1 1 1 2 2 1 2
 2 2 1 2 1 2 1 2 2 1 2 2 2 2 1 1 1 1 1 2 2 1 2 2 2 2 2 1 2 1 1 2 2 1 2 2 2
 2 2 2 1 2 2 2 1 0 2 1 2 2 2 1 2 2 1 2 2 1 2 1 1 2 1 2 2 1 2 1 1 2 2 1 2 2
 1 0 2 0 1 2 1 2 1 2 1 1 2 2 2 2 1 2 2 2 1 2 2 1 2 1 2 1 1 2 1 1 1 2 2 1 2
 2 2 2 2 2 1 0 2 2 2 1 2 2 1 1 1 2 2 2 2 2 2 2 1 2 2 1 1 2 1 1 2 1 2 1 1 2
 1 1 1 1 2 1 1 2 2 2 2 2 2 2 2 2 1 1 2 1 1 2 2 2 2 1 2 1 1 2 2 1 2 2 2 2 2
 2 2 2 2 2 1 2 2 2 2 2 2 2 2 1 2 2 1 2 2 2 2 1 1 2 1 1 2 2 2 2 2 2 2 2 1 2
 2 2 1 2 2 1 1 2 2 2 2 2 2 2 2 2 2 2 1 2 2 1 1 2 2 1 2 2 1 2 2 1 2 2 2 1 2
 2 2 2 1 2 1 2 2 1 2 1 2 1 0 0 1 2 1 1 2 1 2 2 1 2 1 1 2 2 2 2 1 2 2 2 1 2
 1 2 2]
{'accuracy': 0.7740492170022372, 'precision': 0.772448458639278, 'Recall': 0.6165153773201463, 'F1': 0.6544938685566577, 'AUC': 0.8632246116496219, 'Confusion_matrix': array([[0.27272727, 0.        , 0.72727273],
       [0.        , 0.70491803, 0.29508197],
       [0.00826446, 0.11983471, 0.87190083]])}
mcc	 0.5678386602146216
