accuracy   0.7539149888143176
precision   0.7482116369930684
Recall   0.7217923235885108
F1   0.7305230065300061
AUC   0.8792495570638286
Confusion_matrix   [[0.59701493 0.11940299 0.28358209]
 [0.16037736 0.66981132 0.16981132]
 [0.06763285 0.03381643 0.89855072]]
[1 1 2 2 2 1 2 2 0 0 0 2 1 2 1 2 2 1 2 1 2 2 1 2 2 0 2 0 2 2 2 2 0 2 2 0 0
 2 2 1 2 2 0 2 0 0 1 0 0 1 1 2 1 2 2 0 0 0 2 2 0 0 2 2 2 0 2 2 0 0 2 2 2 2
 2 0 2 1 2 2 2 2 2 2 1 2 0 2 2 2 2 0 0 1 1 1 0 1 2 1 1 2 0 2 1 2 0 1 2 0 1
 2 1 0 2 2 2 1 2 2 1 1 0 2 0 2 2 0 0 0 1 2 0 1 1 1 1 0 2 1 0 0 2 2 2 2 2 2
 1 2 2 0 2 2 2 0 1 1 2 0 2 2 2 2 2 1 2 0 2 2 0 2 1 2 1 1 0 0 2 2 0 0 0 2 2
 2 0 0 0 0 1 2 0 1 0 2 2 0 2 2 2 0 2 2 1 1 2 0 0 0 1 1 2 2 2 2 1 2 2 1 2 2
 2 1 0 2 2 0 2 2 2 0 1 0 0 2 2 2 1 0 2 1 0 2 1 0 1 0 2 2 0 2 2 2 2 1 0 0 2
 2 2 2 2 1 2 0 2 0 2 2 2 1 1 1 2 2 2 0 0 0 2 2 1 2 0 1 2 1 2 2 0 2 2 2 0 1
 1 2 1 2 2 1 2 2 0 1 2 2 2 2 2 2 2 2 0 2 2 1 2 2 1 2 2 0 2 2 0 2 0 1 2 2 2
 2 2 1 2 1 0 0 1 0 2 2 1 1 2 0 1 2 2 2 2 2 1 1 2 0 2 2 2 2 0 0 1 2 2 1 2 0
 0 2 2 2 2 0 2 0 2 1 2 2 2 2 2 2 2 2 2 2 0 2 2 1 2 2 2 2 0 1 1 2 2 2 1 2 2
 2 2 0 2 0 0 2 0 1 0 0 2 0 2 2 2 0 2 1 1 2 0 1 2 1 2 0 1 2 2 2 1 0 0 2 2 2
 1 0 2]
{'accuracy': 0.7539149888143176, 'precision': 0.7482116369930684, 'Recall': 0.7217923235885108, 'F1': 0.7305230065300061, 'AUC': 0.8792495570638286, 'Confusion_matrix': array([[0.59701493, 0.11940299, 0.28358209],
       [0.16037736, 0.66981132, 0.16981132],
       [0.06763285, 0.03381643, 0.89855072]])}
mcc	 0.6111885121269731
