accuracy   0.7427293064876958
precision   0.7799607649606752
Recall   0.652869343446593
F1   0.6737507069846861
AUC   0.8587985201797959
Confusion_matrix   [[0.32894737 0.19736842 0.47368421]
 [0.01298701 0.74025974 0.24675325]
 [0.00921659 0.10138249 0.88940092]]
[2 0 1 0 1 2 2 2 1 0 2 1 2 2 2 2 2 1 1 2 2 2 2 2 2 2 2 1 1 2 1 1 2 1 2 1 2
 2 2 2 2 2 2 1 2 1 2 2 2 1 2 1 2 2 1 2 2 1 1 2 2 0 2 2 1 2 2 2 2 2 2 2 2 2
 1 2 2 1 1 2 2 2 1 2 1 1 2 1 1 2 2 2 2 1 2 2 2 2 2 2 2 2 1 2 2 2 1 2 2 1 2
 2 2 2 2 1 2 1 1 2 1 2 2 1 1 2 1 2 2 0 1 2 1 2 0 1 2 2 2 2 2 2 2 2 0 1 2 1
 2 1 1 2 2 1 2 2 1 2 1 1 2 1 1 2 2 1 1 1 1 2 0 2 1 0 0 1 2 1 2 1 2 2 1 2 2
 2 2 2 2 1 2 1 2 1 1 2 1 2 2 2 1 2 2 2 0 1 1 1 2 0 2 2 2 2 1 2 0 2 2 1 2 1
 1 2 2 2 1 2 0 2 1 1 2 1 2 2 1 1 1 1 1 1 2 2 2 1 2 1 1 1 2 2 2 1 2 2 1 1 0
 2 2 0 1 2 1 1 1 1 2 2 2 1 1 2 2 2 2 2 1 2 2 0 1 2 2 2 0 2 2 2 2 1 2 0 2 1
 1 2 1 2 2 1 2 1 1 2 1 2 2 1 2 0 1 1 2 2 0 2 2 1 1 2 2 2 2 1 1 2 2 2 2 2 1
 2 2 0 1 2 2 1 2 1 2 1 1 2 2 2 2 1 2 2 2 2 2 1 2 2 2 2 2 2 2 1 2 2 1 1 2 0
 0 1 1 2 1 2 2 1 2 2 2 2 1 2 2 1 2 1 1 2 2 2 2 1 1 2 2 1 1 2 2 2 1 1 1 0 2
 1 1 2 2 2 2 1 1 2 2 2 2 2 2 2 1 0 2 2 2 2 2 2 1 2 1 0 0 1 1 1 2 2 2 2 2 2
 0 2 2]
{'accuracy': 0.7427293064876958, 'precision': 0.7799607649606752, 'Recall': 0.652869343446593, 'F1': 0.6737507069846861, 'AUC': 0.8587985201797959, 'Confusion_matrix': array([[0.32894737, 0.19736842, 0.47368421],
       [0.01298701, 0.74025974, 0.24675325],
       [0.00921659, 0.10138249, 0.88940092]])}
mcc	 0.5718251149031471
