accuracy   0.6778523489932886
precision   0.6892660693724393
Recall   0.6320104124899916
F1   0.6443767179597903
AUC   0.7954830192360124
Confusion_matrix   [[0.44444444 0.33333333 0.22222222]
 [0.06040268 0.59731544 0.34228188]
 [0.02512563 0.12060302 0.85427136]]
[0 2 2 1 0 1 1 0 2 2 1 0 0 0 2 0 0 0 0 0 2 0 0 0 2 2 2 2 1 0 1 0 1 0 0 1 2
 1 2 0 1 2 1 2 1 0 1 1 1 0 1 0 0 0 0 1 0 0 1 0 1 1 2 0 1 0 1 2 0 1 0 0 1 1
 1 1 0 2 0 0 1 1 0 0 1 2 0 0 0 2 2 1 2 1 0 2 0 1 0 1 2 2 2 2 0 2 2 0 1 1 2
 2 1 1 2 1 0 2 1 2 2 1 1 2 1 2 2 1 2 2 1 1 1 1 1 1 1 1 2 1 1 1 1 1 2 1 1 1
 1 1 1 2 2 1 1 2 1 1 1 1 1 1 2 1 2 2 1 1 1 0 2 2 1 2 1 1 2 1 1 2 1 2 1 1 0
 2 1 2 1 1 1 1 1 2 1 1 1 2 2 2 2 1 2 2 1 1 2 0 2 1 2 2 0 1 1 1 0 1 1 1 1 1
 1 1 1 1 1 1 2 1 1 1 2 1 1 2 1 1 0 1 1 2 2 1 2 2 1 1 2 2 2 2 2 1 2 2 2 2 2
 1 2 2 2 2 1 2 2 1 2 2 1 2 2 2 1 1 2 2 2 2 2 2 1 2 2 2 2 2 1 2 2 2 2 2 2 2
 2 1 2 2 2 2 2 2 2 0 2 2 2 2 2 1 2 2 2 2 0 2 2 2 2 2 2 2 2 2 2 2 2 2 2 2 2
 2 2 2 2 2 2 2 2 2 2 2 2 2 2 2 1 2 2 2 0 2 2 2 2 2 2 2 2 2 2 2 1 2 1 2 2 1
 2 2 2 2 2 2 2 2 2 2 1 2 2 2 2 2 2 2 2 2 2 2 1 2 1 1 2 0 2 2 2 2 2 2 2 2 2
 2 1 2 2 2 2 2 2 2 2 0 2 2 2 2 2 1 2 2 2 2 2 2 2 2 2 1 2 2 2 1 2 2 2 2 2 2
 2 2 1]
{'accuracy': 0.6778523489932886, 'precision': 0.6892660693724393, 'Recall': 0.6320104124899916, 'F1': 0.6443767179597903, 'AUC': 0.7954830192360124, 'Confusion_matrix': array([[0.44444444, 0.33333333, 0.22222222],
       [0.06040268, 0.59731544, 0.34228188],
       [0.02512563, 0.12060302, 0.85427136]])}
mcc	 0.4884565459971745
