accuracy   0.6711409395973155
precision   0.6387875669481021
Recall   0.5729940687495866
F1   0.5723205335486451
AUC   0.7524191185966593
Confusion_matrix   [[0.18421053 0.25       0.56578947]
 [0.         0.74675325 0.25324675]
 [0.05069124 0.16129032 0.78801843]]
[2 1 2 2 2 2 2 2 2 2 1 2 2 2 2 1 0 0 2 0 1 0 0 2 1 2 1 0 2 2 2 2 2 1 1 0 2
 2 2 2 2 2 1 2 2 2 0 2 2 2 1 0 1 2 2 1 2 1 0 2 1 1 0 2 0 1 1 0 2 1 2 2 1 2
 2 0 1 2 2 1 1 1 1 2 1 2 2 1 1 1 1 1 1 2 1 2 2 2 1 1 1 1 1 2 1 1 2 1 1 1 1
 1 1 1 1 2 2 2 2 1 2 1 1 1 1 1 1 1 1 1 1 1 1 1 1 1 2 1 2 1 1 1 1 1 2 1 2 2
 1 2 1 1 1 1 1 1 1 2 1 1 1 1 1 1 1 1 2 1 1 1 1 1 2 1 2 1 1 2 2 1 1 1 1 1 1
 1 1 1 1 1 1 2 1 2 2 1 1 1 1 2 1 1 1 1 1 1 2 1 1 1 1 2 2 2 1 1 2 2 1 1 1 1
 2 1 1 1 1 1 1 1 2 2 2 2 1 2 0 2 2 1 2 2 2 2 2 1 2 2 1 2 2 2 2 2 2 2 2 1 2
 1 2 1 2 2 2 2 2 2 1 1 2 2 2 2 2 2 2 2 2 2 2 2 2 1 2 2 2 2 2 2 1 2 0 0 2 2
 2 2 2 1 0 1 2 2 2 1 1 2 2 2 2 2 2 2 2 2 2 2 2 2 2 2 2 2 2 2 2 2 2 2 1 2 2
 0 1 2 2 1 2 2 1 2 2 2 2 2 2 0 2 2 2 2 2 1 1 2 2 2 1 2 2 2 2 1 2 2 2 2 2 0
 1 2 2 1 2 2 2 2 2 2 2 1 0 2 2 1 2 2 0 2 2 2 2 2 1 2 2 1 1 2 2 2 2 2 1 2 2
 0 2 2 2 1 2 2 2 2 2 2 2 2 2 2 2 2 2 2 2 2 1 2 2 1 2 2 2 2 2 1 2 0 2 2 2 2
 2 2 2]
{'accuracy': 0.6711409395973155, 'precision': 0.6387875669481021, 'Recall': 0.5729940687495866, 'F1': 0.5723205335486451, 'AUC': 0.7524191185966593, 'Confusion_matrix': array([[0.18421053, 0.25      , 0.56578947],
       [0.        , 0.74675325, 0.25324675],
       [0.05069124, 0.16129032, 0.78801843]])}
mcc	 0.4473288516821536
