accuracy   0.7024608501118568
precision   0.79979075027814
Recall   0.5515588071474807
F1   0.5922897010280472
AUC   0.8166398437703138
Confusion_matrix   [[0.61748634 0.38251366 0.        ]
 [0.19008264 0.80991736 0.        ]
 [0.09090909 0.68181818 0.22727273]]
[1 0 1 1 1 1 1 1 1 1 1 0 1 0 0 0 1 1 1 2 0 0 1 1 0 0 0 0 0 1 0 1 0 0 1 1 1
 1 1 0 0 1 0 1 0 1 1 0 1 0 0 1 1 1 0 1 1 1 1 1 1 1 1 0 1 1 1 1 0 0 1 1 0 1
 0 1 1 0 0 0 1 1 0 1 1 1 0 1 1 0 0 1 0 0 1 1 1 2 1 1 1 1 0 0 1 1 1 0 0 1 1
 1 0 1 1 0 1 0 0 1 0 1 0 1 0 0 1 1 1 0 1 1 1 1 0 1 1 1 1 1 1 1 0 1 1 0 0 0
 1 0 0 1 1 1 0 1 1 1 0 1 1 0 0 0 1 1 0 1 1 0 1 1 0 1 1 0 1 1 1 1 1 0 0 1 0
 1 1 1 1 0 1 0 1 0 0 1 0 0 1 1 1 0 1 1 1 1 1 0 1 1 0 0 0 1 1 1 1 1 0 1 0 1
 0 0 1 0 0 1 0 0 0 0 1 1 1 0 1 1 1 0 1 0 0 1 1 1 1 1 1 1 1 0 0 1 1 0 1 1 1
 1 1 0 1 1 1 1 1 0 0 1 0 0 0 1 1 1 1 1 1 1 0 0 1 1 0 1 0 1 0 1 1 1 1 1 1 0
 0 1 1 0 1 2 1 1 0 1 0 1 0 1 0 0 0 1 1 0 1 1 1 1 1 1 0 1 0 1 1 0 1 1 1 1 0
 0 0 1 1 1 1 0 0 2 1 1 0 1 1 1 1 0 0 0 0 1 1 1 1 1 0 1 1 1 1 1 0 1 1 1 0 1
 0 1 1 1 1 1 1 1 0 0 0 0 1 1 1 1 0 1 1 1 1 1 1 0 1 0 1 1 0 1 1 1 1 1 0 0 1
 0 0 1 0 1 1 1 1 0 1 0 1 1 0 1 0 0 0 0 0 1 1 1 1 1 1 0 1 0 1 0 1 1 1 0 1 2
 1 0 1]
{'accuracy': 0.7024608501118568, 'precision': 0.79979075027814, 'Recall': 0.5515588071474807, 'F1': 0.5922897010280472, 'AUC': 0.8166398437703138, 'Confusion_matrix': array([[0.61748634, 0.38251366, 0.        ],
       [0.19008264, 0.80991736, 0.        ],
       [0.09090909, 0.68181818, 0.22727273]])}
mcc	 0.42402392639278697
