accuracy   0.6756152125279642
precision   0.7810840108401084
Recall   0.48433867968386796
F1   0.4947034483896651
AUC   0.6934138554741981
Confusion_matrix   [[0.72384937 0.27615063 0.        ]
 [0.33333333 0.66666667 0.        ]
 [0.5625     0.375      0.0625    ]]
[0 0 0 0 0 1 1 0 1 1 1 0 0 0 1 0 0 1 0 0 0 0 0 1 0 1 1 1 0 1 0 1 0 0 0 0 1
 1 1 0 1 0 0 0 1 0 0 1 1 0 0 1 0 0 0 0 1 0 1 0 0 0 0 0 0 1 1 0 0 0 0 0 0 0
 0 0 0 1 0 0 0 0 0 1 1 0 0 0 0 0 0 1 0 0 0 1 1 0 1 1 0 0 0 0 1 0 0 1 1 0 0
 0 0 1 0 0 0 1 0 0 1 0 0 1 0 0 0 0 0 0 0 0 0 0 0 0 0 0 0 1 0 0 0 0 1 0 0 0
 0 1 0 0 0 1 0 0 1 0 0 1 0 1 0 0 0 0 0 0 1 0 1 0 0 0 0 0 0 1 0 0 0 0 0 0 0
 0 0 1 1 0 0 0 0 0 1 0 1 0 0 0 0 0 0 1 0 1 0 0 0 0 1 0 1 0 0 1 0 0 0 0 0 0
 1 0 0 1 0 0 1 0 1 0 1 0 0 1 1 0 0 1 1 1 1 1 1 1 0 0 1 1 0 0 0 1 1 0 0 1 1
 1 0 1 0 1 1 1 1 1 1 1 1 0 1 0 0 1 1 0 0 1 0 1 1 1 1 0 1 0 1 0 1 1 0 0 1 0
 1 1 1 1 1 1 1 1 0 1 0 1 1 1 1 0 1 1 1 0 1 1 0 1 1 1 1 1 1 1 1 1 1 0 1 1 0
 1 1 1 1 0 0 1 1 0 0 0 1 1 1 1 1 0 0 1 0 0 0 1 1 0 1 1 1 1 1 0 0 1 1 1 1 0
 0 1 1 1 1 1 1 1 1 0 1 0 0 0 1 0 0 1 1 1 1 1 0 0 0 1 0 1 1 0 1 1 1 1 0 1 0
 0 1 0 1 1 1 1 1 0 1 1 0 1 0 1 0 1 1 1 0 0 1 1 1 0 1 0 0 0 1 0 1 0 0 0 1 1
 0 1 2]
{'accuracy': 0.6756152125279642, 'precision': 0.7810840108401084, 'Recall': 0.48433867968386796, 'F1': 0.4947034483896651, 'AUC': 0.6934138554741981, 'Confusion_matrix': array([[0.72384937, 0.27615063, 0.        ],
       [0.33333333, 0.66666667, 0.        ],
       [0.5625    , 0.375     , 0.0625    ]])}
mcc	 0.36904952979656724
