accuracy   0.7069351230425056
precision   0.7019384845759302
Recall   0.6746572670824804
F1   0.6832492341427768
AUC   0.8497270207499205
Confusion_matrix   [[0.58389262 0.08724832 0.32885906]
 [0.29292929 0.57575758 0.13131313]
 [0.09045226 0.04522613 0.86432161]]
[0 2 2 2 2 2 2 2 1 0 0 2 2 1 0 0 0 1 2 0 2 2 0 0 2 0 2 0 0 2 0 0 0 1 0 0 0
 1 0 2 0 1 0 0 0 2 0 0 1 0 0 0 2 2 2 0 2 0 0 0 0 0 0 2 0 2 2 0 0 0 2 2 2 0
 2 0 0 2 0 0 2 0 2 0 0 0 2 0 2 0 0 0 0 0 2 0 0 0 2 2 2 2 0 2 2 0 0 2 1 2 0
 2 2 0 0 0 0 0 0 1 0 0 0 0 0 0 0 0 0 2 1 0 0 1 1 0 2 0 0 1 0 0 2 2 0 2 0 0
 0 1 1 2 0 1 0 2 1 2 2 0 1 1 1 2 1 1 1 1 1 2 1 1 1 1 2 2 1 0 1 0 1 0 1 1 0
 2 0 0 1 0 1 1 2 1 1 1 0 1 1 1 1 1 1 1 0 1 1 0 1 0 0 1 1 0 1 0 1 1 1 1 1 0
 0 0 0 1 2 1 0 2 0 1 1 0 0 1 1 1 1 0 0 2 0 1 1 1 0 1 2 2 2 2 2 0 2 2 2 2 1
 0 2 2 2 2 2 2 2 0 2 2 2 2 2 2 2 0 2 2 2 2 2 2 0 2 2 2 2 2 0 2 2 2 2 2 2 2
 2 0 2 2 2 2 2 2 2 1 2 2 2 2 2 0 2 2 2 2 1 2 2 2 2 2 2 2 2 2 2 2 2 2 2 2 2
 2 2 2 2 2 2 2 2 2 2 2 2 2 2 2 1 2 2 2 1 2 2 2 2 2 2 2 2 2 2 2 0 2 0 2 2 0
 2 2 2 2 2 2 2 2 2 2 0 2 2 2 2 2 2 2 2 2 2 2 0 2 0 0 2 0 2 2 2 2 2 2 2 2 2
 2 1 2 2 2 2 2 2 2 2 1 2 2 2 1 2 1 2 2 2 2 2 2 2 2 2 0 2 2 2 2 2 2 2 2 2 2
 2 2 0]
{'accuracy': 0.7069351230425056, 'precision': 0.7019384845759302, 'Recall': 0.6746572670824804, 'F1': 0.6832492341427768, 'AUC': 0.8497270207499205, 'Confusion_matrix': array([[0.58389262, 0.08724832, 0.32885906],
       [0.29292929, 0.57575758, 0.13131313],
       [0.09045226, 0.04522613, 0.86432161]])}
mcc	 0.5374416782692294
