accuracy   0.9217002237136466
precision   0.9268179484141091
Recall   0.6933165018584754
F1   0.7439130389135612
AUC   0.8470296597494458
Confusion_matrix   [[0.28571429 0.42857143 0.28571429]
 [0.         0.95918367 0.04081633]
 [0.         0.16494845 0.83505155]]
[2 1 1 1 1 2 1 2 1 2 1 1 1 1 2 1 1 1 2 1 2 2 2 2 1 1 1 1 1 2 2 2 1 1 1 2 1
 2 1 2 1 1 1 2 1 2 2 1 1 2 1 1 2 1 1 1 1 1 1 1 1 1 2 1 1 2 1 2 1 2 1 1 1 1
 2 1 1 1 2 1 1 1 1 1 1 1 1 1 1 1 1 2 2 1 1 1 1 1 1 1 1 1 2 1 1 1 1 2 1 2 1
 2 1 1 1 2 0 2 1 1 1 1 1 1 1 1 1 1 1 1 1 1 1 1 1 2 2 1 1 1 1 1 1 1 1 1 2 1
 1 1 2 2 1 1 1 2 1 1 1 2 1 1 1 1 1 2 1 2 2 1 1 1 1 1 1 1 2 1 1 1 1 1 2 1 2
 1 1 1 1 1 1 1 2 1 1 1 1 1 1 2 1 1 2 1 2 1 1 2 2 1 1 1 2 1 1 1 1 1 1 1 2 1
 2 1 1 1 1 1 1 1 1 1 1 2 1 1 1 1 1 1 1 1 1 1 1 2 1 2 1 1 1 1 1 1 1 1 1 1 1
 1 1 1 1 1 1 1 2 2 1 2 1 2 1 1 1 1 1 1 2 1 1 2 1 1 1 1 1 1 2 2 1 1 1 1 1 2
 1 2 1 1 1 1 1 1 1 1 1 1 1 2 1 1 2 1 1 1 1 2 2 2 1 1 1 1 1 1 1 1 1 1 1 1 1
 1 1 1 1 1 1 1 1 1 1 2 1 1 1 1 2 1 2 1 1 1 1 1 1 1 1 1 1 1 1 2 1 1 1 1 1 1
 1 1 1 2 2 2 1 1 1 2 1 0 1 2 1 1 1 1 1 1 1 1 1 1 1 1 1 1 1 2 2 1 2 2 1 1 1
 2 1 1 2 1 1 2 2 2 1 1 1 2 1 1 1 1 1 1 1 1 1 2 1 1 1 2 2 1 1 1 1 1 1 1 1 1
 1 1 1]
{'accuracy': 0.9217002237136466, 'precision': 0.9268179484141091, 'Recall': 0.6933165018584754, 'F1': 0.7439130389135612, 'AUC': 0.8470296597494458, 'Confusion_matrix': array([[0.28571429, 0.42857143, 0.28571429],
       [0.        , 0.95918367, 0.04081633],
       [0.        , 0.16494845, 0.83505155]])}
mcc	 0.7802157212329298
