accuracy   0.930648769574944
precision   0.9356065094600466
Recall   0.7021329886888482
F1   0.7527154618177638
AUC   0.8658706066057813
Confusion_matrix   [[0.28571429 0.42857143 0.28571429]
 [0.         0.96501458 0.03498542]
 [0.         0.1443299  0.8556701 ]]
[2 1 1 1 1 2 1 2 1 2 1 1 1 1 2 1 1 1 2 1 2 2 2 2 1 1 1 1 1 2 2 2 1 1 1 2 1
 2 1 2 1 1 1 2 1 2 2 1 1 2 1 1 1 1 1 1 1 1 1 1 1 1 2 1 1 2 1 2 1 2 1 1 1 1
 2 1 1 1 2 1 1 1 1 1 1 1 1 1 1 1 1 2 1 1 1 1 1 1 1 1 1 1 2 1 1 1 1 2 1 2 1
 2 1 1 1 2 0 2 1 1 1 1 2 1 1 1 1 1 1 1 1 1 1 1 1 2 1 1 1 1 1 1 1 1 1 1 2 1
 1 1 2 2 1 1 1 2 1 1 1 2 1 1 1 1 1 2 1 2 1 1 1 1 1 1 1 1 2 1 1 1 1 1 2 1 1
 1 1 1 1 1 1 1 2 1 1 1 1 1 1 2 1 1 2 1 2 1 1 2 2 1 1 1 2 1 1 1 1 1 1 1 2 1
 2 1 1 1 1 1 1 1 1 1 1 2 1 1 1 1 1 1 1 1 1 1 1 2 1 2 1 1 1 1 1 1 1 1 1 1 1
 1 1 1 1 1 1 1 2 2 1 2 1 2 1 1 1 1 1 1 2 1 1 2 1 1 1 1 1 1 2 2 1 1 1 1 2 2
 1 2 1 1 2 1 1 1 1 1 1 1 1 2 1 1 2 1 1 1 1 2 2 2 1 1 1 1 1 1 1 1 1 1 1 1 1
 1 1 1 1 1 1 1 2 1 1 2 1 1 1 1 2 1 2 1 1 1 1 1 1 1 1 1 1 1 1 2 1 1 1 1 1 1
 1 1 1 2 2 2 1 1 1 2 1 0 1 2 1 1 1 1 1 1 1 1 1 1 1 1 1 1 1 2 2 1 2 2 1 1 1
 2 1 1 2 1 1 2 2 2 1 1 1 2 1 1 1 1 1 1 1 1 1 2 1 1 1 2 2 1 1 1 2 1 1 1 1 1
 1 1 1]
{'accuracy': 0.930648769574944, 'precision': 0.9356065094600466, 'Recall': 0.7021329886888482, 'F1': 0.7527154618177638, 'AUC': 0.8658706066057813, 'Confusion_matrix': array([[0.28571429, 0.42857143, 0.28571429],
       [0.        , 0.96501458, 0.03498542],
       [0.        , 0.1443299 , 0.8556701 ]])}
mcc	 0.8054071492547525
