accuracy   0.6845637583892618
precision   0.6720040241472147
Recall   0.6374566870324342
F1   0.6466158062057579
AUC   0.8228584653979215
Confusion_matrix   [[0.49056604 0.23584906 0.27358491]
 [0.1119403  0.55223881 0.3358209 ]
 [0.05797101 0.07246377 0.86956522]]
[0 2 0 2 2 1 1 1 1 1 2 2 0 0 2 0 2 2 2 1 0 1 2 1 2 2 2 2 2 2 0 2 0 2 2 2 1
 0 1 2 0 0 2 2 2 2 1 2 1 2 2 2 0 2 2 2 0 2 2 2 2 1 0 1 2 0 2 2 0 1 1 2 2 2
 2 2 2 1 2 2 0 2 2 2 2 2 2 2 2 1 1 0 2 2 0 2 2 0 2 2 2 2 2 2 1 1 2 2 0 2 2
 2 0 2 2 2 2 1 1 1 2 0 1 2 2 1 2 1 0 2 0 0 2 2 2 2 2 0 1 1 2 2 1 0 2 0 2 0
 2 2 0 1 2 1 2 2 2 2 2 0 2 1 2 1 0 1 2 1 2 2 0 2 2 1 2 1 2 2 1 2 2 2 0 1 1
 1 2 2 2 2 2 2 2 1 0 2 2 1 1 1 2 0 2 2 2 1 2 2 2 2 0 1 2 2 2 1 2 2 1 0 1 2
 2 2 2 2 1 2 2 2 2 1 0 2 2 0 2 1 2 2 0 2 2 1 1 1 2 1 2 0 1 1 0 0 1 2 2 2 2
 2 1 2 2 1 0 0 1 2 0 1 0 2 0 1 2 2 1 2 2 2 1 1 2 0 2 2 2 2 2 1 1 2 2 2 2 2
 0 2 0 1 2 0 0 2 1 0 2 2 1 2 0 2 2 1 1 2 1 0 2 1 2 1 1 1 1 1 1 2 1 2 0 0 0
 1 2 1 2 2 2 2 2 0 2 1 1 1 0 1 2 2 2 0 1 0 0 2 2 2 2 2 2 2 1 2 2 2 2 2 2 2
 2 0 2 0 2 2 1 2 0 2 2 2 1 2 0 2 2 2 2 2 2 2 0 2 2 2 2 0 2 2 2 1 2 0 2 0 2
 1 1 0 1 1 1 2 0 2 1 2 1 1 1 2 2 2 1 0 2 1 1 1 1 2 2 0 2 1 2 0 2 1 2 2 1 2
 1 2 2]
{'accuracy': 0.6845637583892618, 'precision': 0.6720040241472147, 'Recall': 0.6374566870324342, 'F1': 0.6466158062057579, 'AUC': 0.8228584653979215, 'Confusion_matrix': array([[0.49056604, 0.23584906, 0.27358491],
       [0.1119403 , 0.55223881, 0.3358209 ],
       [0.05797101, 0.07246377, 0.86956522]])}
mcc	 0.4972765607594084
