accuracy   0.7494407158836689
precision   0.7335137788171439
Recall   0.649044049279405
F1   0.6805058702480973
AUC   0.866566876598094
Confusion_matrix   [[0.4375     0.375      0.1875    ]
 [0.0125523  0.81171548 0.17573222]
 [0.         0.30208333 0.69791667]]
[2 1 2 1 2 1 1 1 1 1 1 1 2 2 1 1 1 2 1 2 1 1 2 2 1 2 2 2 2 1 1 1 2 2 2 2 2
 2 2 2 1 1 0 2 2 1 1 1 1 2 2 1 1 1 1 1 2 1 0 1 2 1 2 2 1 1 1 2 1 1 2 1 1 2
 1 1 2 1 1 1 2 1 2 1 1 1 2 1 1 2 2 1 2 2 2 2 1 2 0 1 1 1 1 1 2 1 1 1 1 1 2
 1 0 1 1 2 2 1 1 2 2 2 1 2 1 1 1 1 1 1 2 2 1 1 1 2 2 1 1 2 1 2 1 1 1 2 1 1
 2 2 1 0 2 2 2 1 1 2 1 1 1 2 2 1 2 0 2 1 1 1 2 2 2 1 1 1 2 1 2 1 1 1 2 1 1
 1 1 1 2 2 0 1 2 1 1 1 2 1 1 1 1 2 1 1 1 2 2 1 1 1 1 1 1 1 1 2 2 1 1 1 2 1
 2 1 1 1 2 1 2 2 2 1 1 2 1 1 2 2 1 1 1 1 2 2 1 1 2 2 2 1 1 1 1 1 1 1 1 2 2
 2 2 2 1 2 2 1 1 1 2 2 2 1 1 2 1 2 2 2 2 1 1 2 1 2 1 1 1 2 2 2 0 1 1 1 1 2
 2 1 2 1 1 2 2 2 1 1 2 1 1 2 2 1 1 1 2 1 1 2 1 2 1 2 1 1 1 1 1 1 1 1 2 1 1
 1 2 1 1 1 0 2 2 2 1 1 2 1 2 2 1 1 1 1 2 1 1 2 2 1 1 1 2 2 1 2 1 1 2 1 1 2
 2 1 2 1 1 1 2 2 2 1 1 2 1 1 1 1 1 2 2 1 1 2 2 1 0 2 2 2 1 1 1 2 1 1 2 1 2
 1 1 1 2 1 1 2 1 1 2 1 2 1 1 1 1 1 2 1 1 1 1 2 1 2 2 2 2 1 1 2 1 2 1 2 1 2
 2 2 2]
{'accuracy': 0.7494407158836689, 'precision': 0.7335137788171439, 'Recall': 0.649044049279405, 'F1': 0.6805058702480973, 'AUC': 0.866566876598094, 'Confusion_matrix': array([[0.4375    , 0.375     , 0.1875    ],
       [0.0125523 , 0.81171548, 0.17573222],
       [0.        , 0.30208333, 0.69791667]])}
mcc	 0.5183817550371314
