accuracy   0.7046979865771812
precision   0.8009946920023193
Recall   0.5662662391425431
F1   0.6118168619173038
AUC   0.8191000918273645
Confusion_matrix   [[0.61202186 0.38797814 0.        ]
 [0.18595041 0.81404959 0.        ]
 [0.09090909 0.63636364 0.27272727]]
[1 0 1 1 1 1 1 1 1 1 1 1 1 0 0 0 1 1 1 2 0 0 1 1 0 0 0 0 0 1 0 1 0 0 1 1 1
 1 1 0 0 1 0 1 0 1 1 0 1 0 1 1 1 1 0 1 1 1 1 1 1 1 1 0 2 1 1 1 0 0 1 1 0 1
 0 1 1 0 0 0 1 1 0 1 1 1 0 1 1 0 0 1 0 0 1 1 1 2 1 1 1 1 0 0 1 1 1 0 0 1 1
 1 0 1 1 0 1 0 0 1 0 1 0 1 0 0 1 1 1 0 1 1 1 1 0 1 1 1 1 1 1 1 0 1 1 0 0 0
 1 0 0 1 1 1 0 1 1 1 0 1 1 0 0 0 1 1 0 1 1 0 1 1 0 1 1 0 1 1 1 1 1 0 0 1 0
 1 1 1 1 0 1 0 1 0 0 1 0 0 1 1 1 0 1 1 1 1 1 0 1 1 0 0 0 1 1 0 1 1 0 1 0 1
 0 0 1 0 0 1 0 0 0 0 1 1 1 0 1 1 1 0 1 0 0 1 1 1 1 1 1 1 1 0 0 1 1 0 1 1 1
 1 1 0 1 1 1 1 1 0 0 1 0 0 0 1 1 1 1 1 1 1 0 0 1 1 0 1 0 1 0 1 1 1 1 1 1 0
 0 1 1 0 1 2 1 1 0 1 0 1 0 1 0 0 0 1 1 0 1 1 1 1 1 1 0 1 0 1 1 0 1 1 1 1 0
 0 1 1 1 1 1 0 0 2 1 1 0 1 1 1 1 0 0 0 0 1 1 1 1 1 0 1 1 1 1 1 0 1 1 1 0 1
 0 1 1 1 1 1 1 1 0 0 0 0 1 1 1 1 0 1 1 1 1 1 1 0 1 0 1 1 0 1 1 1 1 1 0 0 1
 0 0 1 0 1 1 1 1 0 1 0 1 1 0 1 0 0 0 0 0 1 1 1 1 1 1 0 1 0 1 0 1 1 1 0 1 2
 1 0 1]
{'accuracy': 0.7046979865771812, 'precision': 0.8009946920023193, 'Recall': 0.5662662391425431, 'F1': 0.6118168619173038, 'AUC': 0.8191000918273645, 'Confusion_matrix': array([[0.61202186, 0.38797814, 0.        ],
       [0.18595041, 0.81404959, 0.        ],
       [0.09090909, 0.63636364, 0.27272727]])}
mcc	 0.42931582728225287
