accuracy   0.6375838926174496
precision   0.7538819875776398
Recall   0.47962486263529475
F1   0.5060047593380926
AUC   0.7447476389692892
Confusion_matrix   [[0.56284153 0.43715847 0.        ]
 [0.26033058 0.73966942 0.        ]
 [0.09090909 0.77272727 0.13636364]]
[0 0 1 1 1 1 1 1 1 1 1 1 1 0 0 1 1 1 1 1 0 0 1 1 0 0 0 0 0 1 1 0 0 0 1 1 1
 0 1 0 0 1 0 1 0 1 1 1 1 0 1 1 1 1 1 1 1 1 1 1 1 0 1 1 0 1 1 1 0 0 1 1 0 1
 0 1 1 0 0 0 1 1 1 0 1 1 1 1 1 0 1 0 0 0 1 1 1 1 1 2 1 1 1 0 0 1 1 0 1 1 1
 1 0 1 1 0 1 0 0 1 0 1 0 1 0 0 1 1 0 0 1 1 1 1 0 1 1 1 0 1 0 0 1 1 1 0 0 0
 1 0 0 1 1 1 0 1 1 1 0 1 1 0 1 0 1 1 1 1 1 0 1 1 0 0 0 0 1 1 1 1 1 0 0 1 0
 1 1 1 1 0 0 0 1 0 0 1 0 0 1 1 1 0 1 1 1 1 1 0 1 1 1 0 0 1 1 1 1 1 1 1 0 1
 0 0 1 0 0 1 0 0 0 0 1 1 0 0 0 0 1 0 1 1 0 1 0 1 1 1 0 1 1 0 1 1 1 1 0 0 0
 1 1 0 0 1 1 1 1 0 0 1 0 1 1 1 0 1 1 1 0 1 0 0 1 1 0 1 0 1 0 1 1 1 0 1 1 0
 0 1 1 0 1 2 1 1 0 1 1 0 0 1 0 1 0 1 0 0 1 1 1 1 1 0 1 1 0 1 1 0 1 1 1 1 0
 0 0 1 1 0 1 0 0 1 1 1 1 1 1 1 1 0 0 0 1 1 1 1 1 1 0 1 1 1 1 1 0 1 1 1 0 1
 0 1 1 1 1 1 1 1 0 0 0 0 0 1 0 1 1 1 1 1 1 0 1 0 1 0 1 1 1 0 1 1 0 1 0 0 1
 0 0 1 0 1 1 1 1 0 1 0 1 1 1 0 0 0 0 0 0 1 1 0 1 1 1 0 1 0 1 0 1 1 1 0 1 2
 1 1 1]
{'accuracy': 0.6375838926174496, 'precision': 0.7538819875776398, 'Recall': 0.47962486263529475, 'F1': 0.5060047593380926, 'AUC': 0.7447476389692892, 'Confusion_matrix': array([[0.56284153, 0.43715847, 0.        ],
       [0.26033058, 0.73966942, 0.        ],
       [0.09090909, 0.77272727, 0.13636364]])}
mcc	 0.29450783991936047
