accuracy   0.727069351230425
precision   0.7329380197451969
Recall   0.5600738028823803
F1   0.5899567867347945
AUC   0.7845982791434217
Confusion_matrix   [[0.75313808 0.0041841  0.24267782]
 [0.4375     0.1875     0.375     ]
 [0.26041667 0.         0.73958333]]
[2 0 2 0 2 0 0 2 2 0 2 0 2 2 2 0 0 2 0 2 2 2 1 2 0 0 0 0 2 2 2 0 0 2 2 0 0
 0 2 2 2 2 0 0 2 0 0 2 0 2 0 0 2 0 2 0 2 2 0 2 0 0 2 0 2 2 0 2 2 2 0 0 2 2
 2 2 0 0 2 2 0 2 0 2 2 0 2 0 0 2 0 2 0 0 0 2 0 0 0 0 2 2 2 2 2 2 0 2 0 2 0
 0 2 0 2 0 2 0 2 2 2 2 0 0 0 0 0 0 0 2 0 2 0 2 0 0 2 2 2 0 0 0 0 0 2 0 0 0
 0 0 0 2 2 2 0 0 0 0 0 0 2 2 2 2 0 2 0 2 2 2 2 2 2 0 0 2 2 0 2 2 2 0 2 0 2
 2 2 2 2 2 0 0 0 2 2 0 2 0 1 0 0 2 0 0 0 0 2 2 0 0 2 2 0 0 0 0 0 0 2 0 2 2
 0 0 0 0 0 0 1 2 2 2 0 2 2 0 0 0 0 0 0 0 0 0 2 0 1 2 0 0 0 2 0 0 0 0 2 0 0
 0 0 2 2 2 2 2 0 2 2 2 0 2 2 2 2 2 0 0 0 2 0 2 0 2 2 2 0 2 2 0 2 0 2 2 0 2
 0 2 0 0 0 0 0 0 0 0 2 2 2 0 2 2 2 0 0 0 2 0 2 2 0 0 2 2 0 0 0 2 2 0 0 0 2
 2 2 0 0 0 2 0 0 0 2 2 2 0 0 2 0 2 0 2 2 0 0 0 0 0 2 2 0 2 0 0 2 0 2 0 2 0
 2 2 0 2 2 2 0 0 0 0 0 0 2 2 0 2 0 2 0 2 0 0 2 2 2 2 2 2 0 0 0 2 0 0 2 2 2
 0 0 0 2 0 2 0 2 2 0 2 2 2 0 0 0 2 0 2 0 2 2 0 0 0 2 0 0 0 0 0 0 0 0 0 2 0
 0 0 0]
{'accuracy': 0.727069351230425, 'precision': 0.7329380197451969, 'Recall': 0.5600738028823803, 'F1': 0.5899567867347945, 'AUC': 0.7845982791434217, 'Confusion_matrix': array([[0.75313808, 0.0041841 , 0.24267782],
       [0.4375    , 0.1875    , 0.375     ],
       [0.26041667, 0.        , 0.73958333]])}
mcc	 0.474249863270689
