accuracy   0.7225950782997763
precision   0.7201422436929684
Recall   0.6863484938760646
F1   0.6957344306025203
AUC   0.8653283819045514
Confusion_matrix   [[0.51515152 0.32323232 0.16161616]
 [0.0738255  0.70469799 0.22147651]
 [0.03517588 0.12562814 0.83919598]]
[1 0 2 2 0 1 2 2 2 2 0 1 2 1 2 2 0 1 2 0 2 0 1 1 1 0 2 0 2 2 2 2 2 2 1 1 1
 2 2 1 2 2 1 2 1 1 1 1 2 1 1 2 0 1 2 1 2 1 2 2 0 2 1 2 2 0 2 2 0 1 0 2 0 2
 2 2 2 2 0 1 2 2 2 2 2 2 0 2 0 2 2 0 0 1 1 0 0 1 2 1 2 2 1 2 2 2 1 1 1 1 1
 1 2 1 0 2 2 2 1 2 1 1 0 2 0 0 2 1 2 2 1 2 1 1 1 0 1 0 2 1 1 0 0 1 1 2 2 2
 0 2 2 2 2 2 2 2 2 1 2 0 1 1 1 2 0 1 2 1 1 1 2 1 1 2 2 1 1 1 1 2 2 2 2 2 0
 2 1 0 1 1 0 2 0 1 2 2 2 2 2 2 2 1 1 1 1 1 2 2 0 1 2 2 2 2 0 1 1 2 2 1 2 0
 2 1 0 1 2 1 2 2 2 1 2 0 1 0 2 2 1 2 2 1 2 2 1 1 2 0 1 2 1 2 2 2 2 1 0 2 0
 2 2 2 2 1 1 0 1 1 2 2 2 1 1 2 2 2 1 1 1 0 1 2 1 1 2 2 2 1 2 2 0 2 2 2 0 1
 1 2 2 2 2 2 2 2 1 1 2 1 2 2 0 2 2 0 2 2 2 1 2 1 0 0 2 1 2 0 1 2 0 1 0 2 1
 1 2 1 1 1 2 0 1 1 1 2 1 1 1 0 2 1 2 2 2 2 2 1 2 2 0 2 2 2 1 0 2 2 2 2 2 1
 1 1 2 2 0 2 2 2 1 1 1 1 2 2 0 2 1 2 2 0 0 2 2 1 2 1 2 1 1 1 1 1 2 2 1 2 2
 2 1 0 0 2 1 2 1 1 1 2 2 1 1 2 2 1 2 1 0 1 1 1 1 2 2 0 1 1 2 2 1 1 1 2 2 1
 1 0 2]
{'accuracy': 0.7225950782997763, 'precision': 0.7201422436929684, 'Recall': 0.6863484938760646, 'F1': 0.6957344306025203, 'AUC': 0.8653283819045514, 'Confusion_matrix': array([[0.51515152, 0.32323232, 0.16161616],
       [0.0738255 , 0.70469799, 0.22147651],
       [0.03517588, 0.12562814, 0.83919598]])}
mcc	 0.5627921097936236
