accuracy   0.6912751677852349
precision   0.7915619572990091
Recall   0.49444299163179917
F1   0.5049753234627185
AUC   0.73904738166841
Confusion_matrix   [[0.74895397 0.         0.25104603]
 [0.5625     0.0625     0.375     ]
 [0.328125   0.         0.671875  ]]
[2 0 2 0 2 0 0 2 2 0 2 0 2 2 2 0 0 2 0 2 2 2 0 2 0 0 0 2 2 2 2 0 0 2 0 0 0
 0 2 0 2 2 0 0 2 0 0 2 0 2 0 0 2 0 2 0 2 2 0 2 0 0 2 0 2 2 0 2 2 2 0 0 2 2
 2 2 0 0 2 2 0 0 0 2 2 0 2 0 0 2 0 2 0 0 0 2 0 2 0 0 2 2 0 2 2 2 0 2 0 2 0
 0 2 0 2 0 2 0 2 2 2 2 0 0 0 0 0 0 0 2 0 2 0 2 0 0 2 2 0 0 0 0 0 0 0 0 0 0
 0 0 0 0 2 0 0 0 0 0 0 0 2 2 0 0 0 2 0 2 2 2 2 2 2 0 0 2 2 0 2 2 2 0 2 0 2
 2 0 2 2 2 0 0 0 2 2 0 2 0 0 0 0 2 0 0 0 0 2 2 0 0 2 2 0 0 0 0 0 0 2 0 2 2
 0 0 0 0 0 0 0 2 2 2 0 0 2 0 0 0 0 0 0 0 0 0 2 0 1 2 0 0 0 2 0 0 2 0 2 0 0
 0 0 0 2 2 2 2 0 2 2 2 0 2 2 2 0 2 0 0 0 2 0 2 0 2 2 2 0 2 2 0 0 0 0 2 0 2
 2 2 0 0 2 2 0 0 0 0 2 2 2 0 2 0 2 0 0 0 2 0 0 2 0 0 0 2 0 0 0 2 2 2 2 0 2
 2 2 0 0 0 2 0 0 0 2 2 2 0 0 2 0 2 0 2 2 0 0 0 0 0 2 2 0 2 0 0 2 0 2 0 2 0
 2 2 0 2 2 2 0 0 0 0 0 0 2 2 0 2 0 2 0 2 0 0 2 2 2 2 2 2 0 0 0 2 0 0 2 2 2
 0 0 0 2 0 2 0 2 2 0 2 2 2 0 0 0 2 0 2 0 2 2 0 0 0 2 0 0 0 0 0 0 0 0 0 2 0
 0 0 0]
{'accuracy': 0.6912751677852349, 'precision': 0.7915619572990091, 'Recall': 0.49444299163179917, 'F1': 0.5049753234627185, 'AUC': 0.73904738166841, 'Confusion_matrix': array([[0.74895397, 0.        , 0.25104603],
       [0.5625    , 0.0625    , 0.375     ],
       [0.328125  , 0.        , 0.671875  ]])}
mcc	 0.39834056735713924
