accuracy   0.7315436241610739
precision   0.7092201051126339
Recall   0.5809361924686193
F1   0.6134243579828796
AUC   0.8305389390109251
Confusion_matrix   [[0.25       0.5625     0.1875    ]
 [0.0083682  0.77405858 0.21757322]
 [0.         0.28125    0.71875   ]]
[2 1 2 1 2 1 1 1 1 2 1 2 2 2 1 1 1 2 1 2 1 1 1 2 1 2 2 2 2 1 1 1 2 2 2 1 2
 2 2 2 1 1 1 2 2 1 1 2 1 1 2 1 1 1 1 1 2 1 1 1 2 1 2 2 1 1 1 2 1 1 2 2 1 2
 1 1 2 1 2 1 2 1 1 1 1 1 2 1 1 2 2 1 2 2 2 2 2 2 0 1 1 2 1 1 1 1 1 1 1 1 2
 1 0 1 1 2 2 1 1 2 2 2 1 2 1 1 1 1 1 1 2 2 1 1 1 2 2 1 1 2 1 2 1 1 1 2 1 1
 2 2 1 0 2 2 2 1 1 2 1 1 1 2 1 2 2 1 2 1 1 1 2 2 2 2 1 1 2 1 2 1 1 1 2 1 1
 1 1 1 2 2 0 1 2 1 1 1 1 1 2 1 1 2 1 1 1 2 2 1 1 1 1 1 1 2 1 2 2 1 1 1 2 1
 2 1 1 1 2 1 2 1 2 1 1 2 1 1 2 2 1 1 1 1 2 2 1 1 2 2 2 1 1 1 1 1 1 1 1 2 2
 2 2 2 1 2 2 1 1 2 2 2 2 1 1 2 1 2 2 2 2 1 1 2 1 2 1 1 1 2 2 2 1 1 1 2 2 2
 2 1 2 1 1 2 2 2 1 2 2 1 1 2 2 1 1 1 2 1 1 2 1 2 1 2 1 1 1 1 1 1 1 1 2 2 1
 1 2 1 1 1 0 2 2 2 1 2 2 1 2 2 2 1 1 1 2 1 1 2 2 1 1 1 2 2 1 2 1 1 2 1 1 2
 2 1 2 1 1 1 2 2 2 2 1 2 1 1 1 1 1 2 2 1 1 2 2 1 0 2 2 2 1 1 2 2 1 1 2 2 2
 1 1 1 2 1 1 2 1 1 2 1 2 1 1 1 1 2 2 1 1 1 1 2 1 2 2 2 2 1 1 2 1 2 1 2 1 2
 2 2 2]
{'accuracy': 0.7315436241610739, 'precision': 0.7092201051126339, 'Recall': 0.5809361924686193, 'F1': 0.6134243579828796, 'AUC': 0.8305389390109251, 'Confusion_matrix': array([[0.25      , 0.5625    , 0.1875    ],
       [0.0083682 , 0.77405858, 0.21757322],
       [0.        , 0.28125   , 0.71875   ]])}
mcc	 0.48170328296251064
