accuracy   0.7046979865771812
precision   0.8007078400529846
Recall   0.5222498256624826
F1   0.5477016915047476
AUC   0.7689544379794282
Confusion_matrix   [[0.125      0.625      0.25      ]
 [0.         0.76987448 0.23012552]
 [0.         0.328125   0.671875  ]]
[1 0 1 1 1 2 1 0 1 1 1 2 2 1 2 1 1 1 1 1 1 1 2 1 2 2 2 1 1 1 1 1 1 2 1 1 1
 1 1 2 1 1 2 2 1 2 1 2 1 1 1 1 1 2 2 1 2 1 1 1 1 1 1 2 2 1 1 2 1 1 1 1 2 1
 2 1 1 2 1 1 1 2 1 1 1 2 1 1 1 1 1 1 1 1 1 1 1 1 1 2 2 1 1 1 1 1 1 1 1 2 1
 1 1 1 2 2 1 1 1 1 2 1 1 2 2 1 1 1 1 2 1 1 1 2 2 1 2 1 1 2 2 1 1 1 1 1 1 1
 1 1 1 1 1 1 1 2 1 1 1 1 2 1 1 1 1 2 1 1 1 1 1 1 1 1 1 2 1 2 1 1 1 1 1 1 1
 1 2 1 1 1 1 1 1 1 1 1 1 1 1 1 1 1 1 1 2 1 1 1 1 1 2 1 2 1 1 1 1 1 1 2 1 2
 1 1 1 1 2 1 2 1 1 1 1 1 1 2 1 1 2 1 1 2 1 1 2 1 2 1 1 1 1 2 2 1 1 2 2 2 2
 2 2 2 2 1 2 2 1 1 1 2 2 1 2 2 2 1 2 2 1 2 2 2 2 2 2 1 2 2 2 2 1 2 2 1 1 1
 1 2 2 2 2 1 2 1 1 2 2 2 1 1 2 2 2 2 2 2 2 2 2 2 1 2 1 2 2 2 2 1 2 2 2 1 2
 2 1 2 1 1 2 2 2 2 2 2 2 1 2 2 1 1 2 2 2 1 2 1 2 1 2 1 2 2 2 2 2 1 2 2 1 1
 1 2 2 1 2 2 2 2 2 1 1 2 2 2 2 1 1 2 2 2 2 2 2 2 2 1 1 1 1 1 2 1 1 2 2 2 2
 2 1 2 2 1 1 2 2 1 2 2 2 2 1 2 1 1 2 1 2 2 2 2 2 1 1 2 1 2 1 2 1 2 2 2 1 1
 2 2 2]
{'accuracy': 0.7046979865771812, 'precision': 0.8007078400529846, 'Recall': 0.5222498256624826, 'F1': 0.5477016915047476, 'AUC': 0.7689544379794282, 'Confusion_matrix': array([[0.125     , 0.625     , 0.25      ],
       [0.        , 0.76987448, 0.23012552],
       [0.        , 0.328125  , 0.671875  ]])}
mcc	 0.4243616213117844
