accuracy   0.7203579418344519
precision   0.7799242075546964
Recall   0.6172304264703669
F1   0.6644750739332489
AUC   0.8662681892765892
Confusion_matrix   [[0.61202186 0.38797814 0.        ]
 [0.16528926 0.83057851 0.00413223]
 [0.04545455 0.54545455 0.40909091]]
[1 0 1 1 1 1 1 1 1 1 1 0 1 0 1 0 1 1 1 2 0 0 1 1 0 1 0 0 0 1 0 1 0 0 1 0 1
 1 1 0 0 1 0 1 0 1 1 0 1 0 1 1 1 1 0 1 1 1 1 1 1 1 1 1 2 1 1 1 0 0 1 1 0 1
 0 1 1 0 0 1 1 1 0 1 1 1 0 1 1 0 0 1 0 0 0 1 1 2 1 2 0 1 1 0 1 1 1 0 0 1 1
 1 0 1 1 0 0 0 0 1 0 1 0 1 0 0 1 1 1 0 1 1 1 1 0 1 1 1 1 1 1 1 0 1 1 0 0 0
 1 0 0 1 1 0 0 1 1 1 0 1 1 0 1 0 1 1 0 1 1 2 1 1 0 1 1 0 1 1 1 1 1 0 1 1 0
 1 1 1 1 0 1 0 1 0 0 1 1 0 1 1 1 0 1 1 1 1 1 1 1 1 0 0 0 1 0 0 1 1 0 1 0 1
 0 0 1 1 1 1 0 1 0 0 1 1 1 0 1 1 0 0 1 0 0 1 1 1 1 1 0 1 1 0 1 1 1 0 1 1 1
 1 1 0 1 1 1 1 1 0 0 1 1 0 0 1 1 1 1 1 1 1 0 0 1 1 0 1 0 0 1 1 1 1 1 1 1 0
 0 1 1 0 1 2 1 1 0 1 0 0 0 1 0 0 0 1 1 1 1 1 1 1 1 1 0 1 0 1 1 0 1 1 1 0 0
 0 1 1 1 1 2 0 0 2 1 0 1 1 0 1 1 0 0 0 0 1 1 1 1 1 0 1 1 1 1 0 0 1 1 1 0 1
 0 1 1 1 1 1 1 1 0 0 0 0 1 1 1 1 1 1 1 1 1 1 1 0 1 0 1 1 1 1 1 1 1 0 1 0 1
 0 0 1 0 1 1 1 0 0 1 0 1 1 1 1 0 0 1 0 0 1 1 1 1 1 2 0 1 0 1 0 1 1 1 0 1 2
 1 0 1]
{'accuracy': 0.7203579418344519, 'precision': 0.7799242075546964, 'Recall': 0.6172304264703669, 'F1': 0.6644750739332489, 'AUC': 0.8662681892765892, 'Confusion_matrix': array([[0.61202186, 0.38797814, 0.        ],
       [0.16528926, 0.83057851, 0.00413223],
       [0.04545455, 0.54545455, 0.40909091]])}
mcc	 0.46388001554021496
