accuracy   0.6890380313199105
precision   0.6671864847303444
Recall   0.6470314547035128
F1   0.6528308097432521
AUC   0.8140851094994447
Confusion_matrix   [[0.51492537 0.17910448 0.30597015]
 [0.23584906 0.55660377 0.20754717]
 [0.09661836 0.03381643 0.86956522]]
[1 1 2 2 2 1 2 2 2 0 0 2 0 0 1 2 2 1 2 1 2 2 1 2 2 0 2 0 2 2 2 2 1 2 2 0 0
 0 2 1 2 2 0 2 0 0 1 0 2 1 1 2 1 2 2 0 0 0 2 2 0 0 2 2 2 0 2 2 0 0 2 2 2 2
 2 0 0 1 2 2 2 0 2 2 0 2 0 2 2 2 2 1 0 1 1 0 0 0 2 1 1 2 1 2 1 2 0 0 2 1 1
 2 1 0 2 2 2 1 0 2 1 0 0 2 0 0 2 0 0 0 1 2 0 1 2 0 1 1 2 0 0 0 2 2 1 2 2 2
 0 2 2 0 2 2 2 0 0 2 2 0 2 2 2 1 2 1 2 0 2 2 0 2 1 2 1 1 0 0 2 2 0 0 0 2 2
 2 2 1 0 0 2 2 0 1 0 2 2 1 2 2 2 0 2 2 1 0 2 2 0 1 0 0 2 2 2 2 1 2 2 1 2 2
 2 1 0 2 2 1 2 2 1 0 1 2 0 2 2 2 1 1 2 1 2 2 0 0 2 1 1 2 1 2 2 2 2 1 0 0 2
 2 2 2 2 2 0 0 2 0 2 2 2 1 0 1 2 2 2 0 0 0 2 2 1 2 1 0 2 0 2 2 0 2 2 2 0 0
 2 2 2 2 2 0 2 0 1 1 2 2 2 2 2 2 2 2 0 2 2 0 2 2 1 2 2 1 2 2 1 2 1 1 2 2 2
 2 2 0 0 1 0 0 1 0 2 2 1 1 2 1 1 2 2 2 2 2 1 2 2 0 2 2 2 2 0 0 1 2 2 1 2 0
 0 2 2 2 2 1 2 1 2 1 2 0 2 2 2 2 2 2 2 0 0 2 2 1 2 2 2 2 0 1 1 2 2 2 0 2 2
 2 2 0 2 0 1 1 0 1 2 0 2 0 2 2 2 1 2 1 1 2 0 1 2 1 2 0 2 2 2 2 1 2 0 2 2 2
 1 0 2]
{'accuracy': 0.6890380313199105, 'precision': 0.6671864847303444, 'Recall': 0.6470314547035128, 'F1': 0.6528308097432521, 'AUC': 0.8140851094994447, 'Confusion_matrix': array([[0.51492537, 0.17910448, 0.30597015],
       [0.23584906, 0.55660377, 0.20754717],
       [0.09661836, 0.03381643, 0.86956522]])}
mcc	 0.5059376412390961
