accuracy   0.6845637583892618
precision   0.6703678065054213
Recall   0.6516959455751957
F1   0.6509906884137203
AUC   0.8369551613004163
Confusion_matrix   [[0.66981132 0.13207547 0.19811321]
 [0.19402985 0.42537313 0.38059701]
 [0.05797101 0.0821256  0.85990338]]
[0 0 0 2 1 0 0 2 0 2 2 1 0 0 2 0 2 0 0 0 0 0 0 0 2 0 0 0 0 0 2 2 0 2 0 0 0
 0 0 0 1 2 1 1 0 0 0 0 2 2 0 0 0 0 0 0 0 0 0 0 1 0 0 1 0 1 0 0 0 1 0 2 2 0
 0 0 0 0 0 1 2 0 1 0 2 0 0 2 1 0 0 0 1 0 0 0 0 0 2 2 2 1 0 0 0 0 2 2 2 1 2
 2 2 2 2 0 1 1 1 1 1 0 0 1 2 1 2 1 1 2 2 1 1 2 1 1 1 0 1 1 2 0 2 1 1 1 1 2
 1 1 0 2 2 1 0 2 2 1 1 0 1 1 1 2 2 2 0 0 2 2 2 0 0 2 1 1 0 2 2 1 1 1 2 2 2
 1 2 0 1 0 1 2 0 1 0 2 2 0 2 2 0 2 1 1 0 1 2 0 1 1 1 2 1 0 1 1 2 1 1 2 0 1
 2 2 0 2 0 1 1 2 2 1 2 1 1 0 1 2 2 1 2 2 2 2 2 2 2 2 2 2 2 2 2 2 2 2 2 1 2
 2 2 2 2 2 2 2 0 2 2 2 2 2 2 2 2 2 1 2 2 2 2 1 2 2 2 2 2 2 2 2 1 2 2 0 2 2
 2 2 2 2 2 2 1 2 2 2 0 2 2 2 2 2 2 2 2 2 2 2 2 2 2 1 2 2 2 2 1 2 2 2 2 2 2
 2 2 2 2 2 2 2 2 2 2 2 2 2 2 0 2 1 2 2 2 2 2 2 2 2 2 2 2 2 2 2 2 1 2 2 2 2
 0 1 2 2 2 2 2 2 0 2 2 2 2 2 1 2 2 2 1 2 2 2 2 2 1 1 2 2 1 2 2 2 2 2 2 0 2
 1 2 2 2 2 0 2 2 2 2 0 2 2 2 0 2 2 2 0 2 2 0 2 2 2 2 2 2 2 2 2 2 2 2 2 2 2
 2 2 1]
{'accuracy': 0.6845637583892618, 'precision': 0.6703678065054213, 'Recall': 0.6516959455751957, 'F1': 0.6509906884137203, 'AUC': 0.8369551613004163, 'Confusion_matrix': array([[0.66981132, 0.13207547, 0.19811321],
       [0.19402985, 0.42537313, 0.38059701],
       [0.05797101, 0.0821256 , 0.85990338]])}
mcc	 0.5030565991822764
