accuracy   0.680089485458613
precision   0.6782947398513436
Recall   0.5763326939048501
F1   0.5802059280778146
AUC   0.7906746469231308
Confusion_matrix   [[0.68831169 0.01298701 0.2987013 ]
 [0.32894737 0.19736842 0.47368421]
 [0.13364055 0.02304147 0.84331797]]
[2 0 2 2 2 2 1 0 2 2 0 2 2 0 2 0 0 2 2 2 0 0 0 2 2 2 1 2 2 2 1 0 2 2 2 2 2
 2 2 2 1 2 0 2 0 0 2 2 2 0 2 2 2 2 2 2 0 2 0 2 2 0 2 2 0 2 0 0 2 2 2 0 0 2
 0 0 0 2 2 2 2 2 0 2 2 2 2 2 2 2 2 2 2 0 0 2 2 2 0 0 0 2 2 0 2 1 2 2 0 0 2
 2 0 0 2 2 2 0 0 0 2 2 0 0 0 2 0 0 0 0 2 2 2 2 2 0 0 2 0 2 2 2 2 0 0 2 2 2
 0 2 0 0 0 2 2 2 0 2 0 0 2 0 2 0 1 0 0 0 2 0 2 2 2 2 1 0 2 2 2 0 2 0 2 0 1
 2 2 0 2 0 0 2 0 0 0 0 2 0 0 2 2 2 1 2 0 2 1 0 1 2 2 2 0 1 2 2 0 0 0 2 1 2
 0 0 2 0 2 0 2 2 2 0 2 2 2 0 2 2 2 0 2 2 2 2 2 0 2 2 2 2 0 0 2 0 2 0 2 2 2
 2 2 2 0 2 2 2 2 0 0 0 0 0 2 2 0 0 2 2 2 2 0 2 0 2 2 2 1 1 2 0 0 0 0 2 0 2
 0 1 2 0 2 0 2 0 0 0 2 0 2 2 0 0 2 2 1 2 2 2 2 2 2 0 1 0 1 0 2 2 0 2 0 0 2
 2 2 2 0 2 0 2 2 2 2 0 2 0 2 2 0 2 0 2 2 0 2 2 2 0 2 0 2 2 0 2 2 0 2 2 2 2
 1 0 2 2 2 2 2 2 2 2 2 0 0 2 0 2 2 2 2 2 0 2 2 0 0 2 2 2 2 0 2 0 2 2 0 2 0
 0 2 2 0 2 2 2 2 2 2 1 0 2 2 2 0 0 2 0 2 0 0 2 2 0 2 2 2 2 2 0 1 0 2 2 0 2
 2 2 0]
{'accuracy': 0.680089485458613, 'precision': 0.6782947398513436, 'Recall': 0.5763326939048501, 'F1': 0.5802059280778146, 'AUC': 0.7906746469231308, 'Confusion_matrix': array([[0.68831169, 0.01298701, 0.2987013 ],
       [0.32894737, 0.19736842, 0.47368421],
       [0.13364055, 0.02304147, 0.84331797]])}
mcc	 0.4610744356285602
