accuracy   0.7449664429530202
precision   0.7358618233618234
Recall   0.7100909634672322
F1   0.7189440960836682
AUC   0.8640519261318057
Confusion_matrix   [[0.60447761 0.1119403  0.28358209]
 [0.20754717 0.63207547 0.16037736]
 [0.06763285 0.03864734 0.89371981]]
[1 1 2 2 2 1 2 2 0 0 0 2 1 2 1 2 2 1 2 1 2 1 1 2 2 0 2 0 2 2 2 2 1 2 2 1 0
 2 2 1 2 2 1 2 0 0 1 0 0 1 1 2 0 2 2 0 0 0 2 2 0 1 2 2 2 0 2 2 0 0 2 0 2 2
 2 0 2 1 2 2 2 0 2 2 1 2 0 2 2 2 2 0 0 0 1 0 0 1 2 1 2 2 0 2 1 2 0 1 2 0 1
 2 1 0 2 2 2 1 2 2 1 0 0 2 0 0 2 0 0 0 1 2 0 1 1 1 1 0 2 1 0 0 2 2 2 2 2 2
 0 2 2 0 2 2 2 1 1 0 2 0 2 2 2 2 2 1 2 0 2 2 0 2 1 2 1 1 0 0 2 2 0 0 0 2 2
 2 2 0 0 0 1 2 0 1 0 2 2 0 2 2 2 0 2 2 1 1 2 2 0 1 0 1 2 2 2 2 1 2 2 1 2 2
 2 1 0 2 2 1 2 2 2 0 1 0 0 2 2 2 1 2 2 1 0 2 0 0 1 0 2 2 0 2 2 2 2 1 0 0 2
 2 2 2 2 1 0 0 2 1 2 2 2 1 1 0 2 2 2 0 0 0 2 2 1 2 0 1 2 0 2 2 0 2 2 2 0 1
 1 2 1 2 2 1 2 2 0 1 2 2 2 2 2 2 2 2 0 2 2 1 2 2 1 2 2 0 2 2 1 2 0 1 2 2 2
 2 2 1 2 1 0 0 1 0 2 2 1 1 2 0 1 2 2 2 2 2 1 1 2 0 2 2 2 2 0 0 0 2 2 1 2 0
 0 1 2 2 2 0 2 0 2 1 2 2 2 2 2 2 2 2 2 0 0 2 2 0 2 2 2 2 0 1 2 2 2 2 0 2 2
 2 2 0 2 0 0 2 0 1 0 0 2 0 2 0 2 1 2 1 2 2 0 1 2 1 2 0 1 2 2 2 1 0 0 2 2 2
 1 0 2]
{'accuracy': 0.7449664429530202, 'precision': 0.7358618233618234, 'Recall': 0.7100909634672322, 'F1': 0.7189440960836682, 'AUC': 0.8640519261318057, 'Confusion_matrix': array([[0.60447761, 0.1119403 , 0.28358209],
       [0.20754717, 0.63207547, 0.16037736],
       [0.06763285, 0.03864734, 0.89371981]])}
mcc	 0.5962047566982964
