accuracy   0.9217002237136466
precision   0.9263492063492064
Recall   0.644204662719285
F1   0.6780941664361354
AUC   0.8366509658776198
Confusion_matrix   [[0.14285714 0.57142857 0.28571429]
 [0.         0.82474227 0.17525773]
 [0.         0.03498542 0.96501458]]
[2 1 2 1 2 2 2 2 2 1 1 2 2 2 1 2 2 2 2 2 2 2 2 2 2 2 2 2 2 2 1 2 1 2 1 2 2
 2 2 1 2 2 2 2 2 2 2 2 1 2 2 2 2 2 2 2 2 2 1 2 2 1 2 2 2 2 2 2 2 2 2 2 2 2
 2 2 1 2 1 2 1 2 1 2 1 2 2 2 2 2 2 2 2 2 2 2 2 2 2 2 2 1 2 2 2 1 2 2 2 2 2
 1 2 2 2 2 2 2 2 2 1 1 1 2 1 2 1 2 2 1 1 2 2 1 1 2 1 2 1 2 2 2 2 2 2 2 1 2
 2 2 2 2 1 2 1 2 1 2 1 2 1 2 2 1 2 2 2 2 2 2 1 2 2 2 1 2 2 1 2 2 2 2 2 2 2
 1 1 2 2 2 2 2 2 2 2 1 2 2 2 2 2 0 2 2 1 1 2 2 2 1 2 2 2 2 2 1 1 2 2 1 2 1
 2 2 2 2 1 2 1 2 2 2 2 2 2 1 1 2 1 2 2 2 2 2 2 2 2 2 2 1 2 2 2 2 2 2 2 2 1
 2 2 1 1 2 2 2 2 2 2 2 2 2 2 2 1 2 2 2 2 2 2 1 2 2 1 2 1 2 2 2 2 2 2 2 2 2
 2 1 2 2 2 2 2 1 2 2 1 2 2 2 2 1 2 2 1 2 2 2 2 2 2 2 2 1 2 2 2 2 2 1 2 2 2
 2 2 2 2 1 1 2 2 2 2 2 1 1 2 2 2 1 1 2 1 2 2 2 2 2 2 2 2 1 2 2 2 2 1 1 2 1
 1 2 2 2 2 2 2 2 2 2 2 2 2 2 2 2 2 2 2 2 2 2 2 2 2 2 2 2 2 2 1 1 2 1 1 1 2
 2 2 1 2 2 2 2 2 2 2 2 1 2 2 1 2 1 2 2 2 2 2 2 2 2 2 1 2 2 2 2 2 2 2 2 2 1
 1 2 1]
{'accuracy': 0.9217002237136466, 'precision': 0.9263492063492064, 'Recall': 0.644204662719285, 'F1': 0.6780941664361354, 'AUC': 0.8366509658776198, 'Confusion_matrix': array([[0.14285714, 0.57142857, 0.28571429],
       [0.        , 0.82474227, 0.17525773],
       [0.        , 0.03498542, 0.96501458]])}
mcc	 0.7787888174348242
