accuracy   0.9194630872483222
precision   0.9259149853779577
Recall   0.6456974542394277
F1   0.6786395328049579
AUC   0.8386590066281089
Confusion_matrix   [[0.14285714 0.57142857 0.28571429]
 [0.         0.95918367 0.04081633]
 [0.         0.16494845 0.83505155]]
[2 1 1 1 1 2 1 2 1 2 1 1 1 1 2 1 1 1 2 1 2 2 2 2 1 1 1 1 1 2 2 2 1 1 1 2 1
 2 1 2 1 1 1 2 1 2 2 1 1 2 1 1 2 1 1 1 1 1 1 1 1 1 2 1 1 2 1 2 1 2 1 1 1 1
 2 1 1 1 2 1 1 1 1 1 1 1 1 1 1 1 1 2 2 1 1 1 1 1 1 1 1 1 2 1 1 1 1 2 1 2 1
 2 1 1 1 2 1 2 1 1 1 1 1 1 1 1 1 1 1 1 1 1 1 1 1 2 2 1 1 1 1 1 1 1 1 1 2 1
 1 1 2 2 1 1 1 2 1 1 1 2 1 1 1 1 1 2 1 2 2 1 1 1 1 1 1 1 2 1 1 1 1 1 2 1 2
 1 1 1 1 1 1 1 2 1 1 1 1 1 1 2 1 1 2 1 2 1 1 2 2 1 1 1 2 1 1 1 1 1 1 1 2 1
 2 1 1 1 1 1 1 1 1 1 1 2 1 1 1 1 1 1 1 1 1 1 1 2 1 2 1 1 1 1 1 1 1 1 1 1 1
 1 1 1 1 1 1 1 2 2 1 2 1 2 1 1 1 1 1 1 2 1 1 2 1 1 1 1 1 1 2 2 1 1 1 1 1 2
 1 2 1 1 1 1 1 1 1 1 1 1 1 2 1 1 2 1 1 1 1 2 2 2 1 1 1 1 1 1 1 1 1 1 1 1 1
 1 1 1 1 1 1 1 1 1 1 2 1 1 1 1 2 1 2 1 1 1 1 1 1 1 1 1 1 1 1 2 1 1 1 1 1 1
 1 1 1 2 2 2 1 1 1 2 1 0 1 2 1 1 1 1 1 1 1 1 1 1 1 1 1 1 1 2 2 1 2 2 1 1 1
 2 1 1 2 1 1 2 2 2 1 1 1 2 1 1 1 1 1 1 1 1 1 2 1 1 1 2 2 1 1 1 1 1 1 1 1 1
 1 1 1]
{'accuracy': 0.9194630872483222, 'precision': 0.9259149853779577, 'Recall': 0.6456974542394277, 'F1': 0.6786395328049579, 'AUC': 0.8386590066281089, 'Confusion_matrix': array([[0.14285714, 0.57142857, 0.28571429],
       [0.        , 0.95918367, 0.04081633],
       [0.        , 0.16494845, 0.83505155]])}
mcc	 0.7730649964677907
