accuracy   0.7785234899328859
precision   0.7915217833358752
Recall   0.7059014839150662
F1   0.7271537968222886
AUC   0.882440246510705
Confusion_matrix   [[0.43421053 0.35526316 0.21052632]
 [0.02764977 0.88479263 0.0875576 ]
 [0.00649351 0.19480519 0.7987013 ]]
[1 2 1 1 1 1 1 1 2 0 1 1 1 2 1 2 1 1 1 1 1 2 1 2 0 0 2 2 2 2 1 1 2 2 1 2 1
 2 0 1 1 0 1 1 1 1 1 2 2 2 1 2 2 1 2 1 1 2 1 1 1 2 0 0 1 1 1 1 2 1 1 1 2 2
 1 2 1 1 1 2 1 2 1 2 1 1 2 1 0 1 0 1 2 0 0 1 1 1 1 2 1 2 1 1 2 1 2 2 1 1 0
 1 2 0 2 1 1 2 1 2 2 1 1 1 2 1 1 1 2 0 0 2 1 1 2 1 1 1 1 2 1 2 0 1 2 1 2 2
 1 1 2 2 2 1 0 1 1 1 1 2 2 2 2 1 0 1 1 1 1 1 2 1 1 2 1 2 2 1 2 1 2 1 2 1 1
 1 2 1 1 1 1 1 1 1 1 0 1 1 1 2 1 2 0 1 1 0 1 1 1 1 1 2 1 1 1 1 1 1 1 2 1 2
 0 1 1 2 1 1 1 1 1 1 0 2 2 1 1 1 1 1 1 2 2 2 1 1 1 1 2 1 1 2 1 1 1 2 1 2 2
 1 0 1 1 2 2 2 2 2 1 0 1 2 1 2 2 1 1 1 2 1 2 0 1 0 1 2 1 2 2 1 1 1 1 1 2 2
 2 2 0 1 1 1 2 1 2 2 2 2 1 1 2 1 1 2 1 1 1 1 1 1 2 0 2 2 0 1 2 2 1 1 1 1 1
 2 2 1 1 0 2 1 1 2 1 1 2 1 0 0 1 1 1 2 1 1 1 0 0 1 1 2 2 2 1 1 2 2 2 1 2 2
 2 2 2 1 2 2 1 2 1 0 1 1 1 2 1 2 2 2 1 2 1 1 2 1 2 2 2 1 2 1 2 2 1 1 2 1 1
 1 1 2 1 1 2 1 2 2 2 2 1 0 1 2 1 2 2 1 2 2 2 1 1 1 2 0 1 1 1 0 0 1 1 1 2 1
 1 1 2]
{'accuracy': 0.7785234899328859, 'precision': 0.7915217833358752, 'Recall': 0.7059014839150662, 'F1': 0.7271537968222886, 'AUC': 0.882440246510705, 'Confusion_matrix': array([[0.43421053, 0.35526316, 0.21052632],
       [0.02764977, 0.88479263, 0.0875576 ],
       [0.00649351, 0.19480519, 0.7987013 ]])}
mcc	 0.6333211827342248
