accuracy   0.7181208053691275
precision   0.7753927301914918
Recall   0.6020789113188517
F1   0.6485346826902805
AUC   0.8666671114340807
Confusion_matrix   [[0.61202186 0.38797814 0.        ]
 [0.16528926 0.83057851 0.00413223]
 [0.04545455 0.59090909 0.36363636]]
[1 0 1 1 1 1 1 1 1 1 1 0 1 0 1 0 1 1 1 2 0 0 1 1 0 1 0 0 0 1 0 1 0 0 1 0 1
 1 1 0 0 1 0 1 0 1 1 0 1 0 1 1 1 1 0 1 1 1 1 1 1 1 1 1 2 1 1 1 0 0 1 1 0 1
 0 1 1 0 0 1 1 1 0 1 1 1 0 1 1 0 0 1 0 0 0 1 1 2 1 1 0 1 1 0 1 1 1 0 0 1 1
 1 0 1 1 0 0 0 0 1 0 1 0 1 0 0 1 1 1 0 1 1 1 1 0 1 1 1 1 1 1 1 0 1 1 0 0 0
 1 0 0 1 1 0 0 1 1 1 0 1 1 0 1 0 1 1 0 1 1 2 1 1 0 1 1 0 1 1 1 1 1 0 1 1 0
 1 1 1 1 0 1 0 1 0 0 1 1 0 1 0 1 0 1 1 1 1 1 1 1 1 0 0 0 1 0 0 1 1 0 1 0 1
 0 0 1 1 1 1 0 1 0 0 1 1 1 0 1 1 0 0 1 0 0 1 1 1 1 1 0 1 1 0 1 1 1 0 1 1 1
 1 1 0 1 1 1 1 1 0 0 1 1 0 0 1 1 1 1 1 1 1 0 0 1 1 0 1 0 0 1 1 1 1 1 1 1 0
 0 1 1 0 1 2 1 1 0 1 0 0 0 1 0 0 0 1 1 1 1 1 1 1 1 1 0 1 1 1 1 0 1 1 1 0 0
 0 1 1 1 1 2 0 0 2 1 0 1 1 0 1 1 0 0 0 0 1 1 1 1 1 0 1 1 1 1 0 0 1 1 1 0 1
 0 1 1 1 1 1 1 1 0 0 0 0 1 1 1 1 1 1 1 1 1 1 1 0 1 0 1 1 1 1 1 1 1 0 1 0 1
 0 0 1 0 1 1 1 0 0 1 0 1 1 1 1 0 0 1 0 0 1 1 1 1 1 2 0 1 0 1 0 1 1 1 0 1 2
 1 0 1]
{'accuracy': 0.7181208053691275, 'precision': 0.7753927301914918, 'Recall': 0.6020789113188517, 'F1': 0.6485346826902805, 'AUC': 0.8666671114340807, 'Confusion_matrix': array([[0.61202186, 0.38797814, 0.        ],
       [0.16528926, 0.83057851, 0.00413223],
       [0.04545455, 0.59090909, 0.36363636]])}
mcc	 0.45861557950061915
