accuracy   0.6733780760626398
precision   0.7794122654680424
Recall   0.4819197466294747
F1   0.4926425350501958
AUC   0.6914017099604836
Confusion_matrix   [[0.0625     0.5625     0.375     ]
 [0.         0.73221757 0.26778243]
 [0.         0.34895833 0.65104167]]
[1 2 1 1 1 2 1 2 1 1 1 2 2 1 2 0 1 1 1 1 1 2 2 1 2 2 2 1 1 1 2 1 1 2 1 1 1
 1 1 2 1 2 2 2 1 2 1 1 1 1 1 1 2 2 2 1 2 1 1 1 2 1 1 2 2 1 1 2 1 1 1 1 2 1
 2 1 1 1 1 1 1 2 2 1 1 1 1 1 1 1 1 1 1 2 1 1 1 1 1 2 2 1 1 1 1 1 1 2 1 1 1
 2 2 1 2 2 1 1 1 1 2 1 1 1 2 1 1 1 1 2 2 1 1 2 1 1 2 1 1 2 1 1 1 1 1 1 1 1
 1 1 1 1 1 1 1 2 1 1 1 1 2 1 1 1 1 2 1 1 1 2 1 1 2 1 1 2 1 2 1 1 1 1 1 1 2
 1 2 1 1 1 1 1 1 2 1 1 1 1 1 1 1 1 1 2 2 1 1 1 1 1 1 1 2 1 1 1 1 1 1 2 1 2
 1 1 1 1 2 1 2 1 1 2 1 1 1 1 1 1 2 1 1 2 1 1 2 1 2 1 2 1 1 2 2 1 1 2 2 2 2
 2 2 2 1 1 2 1 1 1 1 2 2 1 1 2 2 2 1 2 1 2 2 2 2 2 2 1 2 1 2 1 1 2 2 1 1 2
 1 2 2 2 2 1 2 1 2 1 2 2 1 1 2 1 2 2 2 2 2 2 2 2 1 2 1 2 2 2 2 1 2 2 2 1 2
 2 1 2 2 2 2 2 2 2 2 2 2 1 2 2 1 2 2 2 2 1 1 2 2 1 1 1 2 2 2 2 2 1 1 2 1 1
 1 2 2 1 2 2 2 2 2 1 1 2 2 2 2 1 1 2 1 2 2 2 2 2 2 1 2 1 1 1 2 1 1 2 2 2 2
 2 1 1 1 2 1 2 2 1 2 2 2 2 1 2 1 1 2 1 2 2 2 2 2 1 2 2 1 2 1 2 1 2 2 2 1 1
 2 2 2]
{'accuracy': 0.6733780760626398, 'precision': 0.7794122654680424, 'Recall': 0.4819197466294747, 'F1': 0.4926425350501958, 'AUC': 0.6914017099604836, 'Confusion_matrix': array([[0.0625    , 0.5625    , 0.375     ],
       [0.        , 0.73221757, 0.26778243],
       [0.        , 0.34895833, 0.65104167]])}
mcc	 0.3633224772625149
