accuracy   0.9328859060402684
precision   0.9370111156854674
Recall   0.7055694148056867
F1   0.7551343986126594
AUC   0.9025313049688632
Confusion_matrix   [[0.28571429 0.28571429 0.42857143]
 [0.         0.86597938 0.13402062]
 [0.         0.03498542 0.96501458]]
[2 1 2 1 2 2 2 2 2 1 1 2 2 2 1 2 2 2 2 2 2 2 2 2 2 2 2 2 2 2 1 2 1 2 1 2 2
 2 2 1 2 2 2 2 2 2 2 2 1 2 2 2 2 2 2 2 2 2 1 2 2 1 2 2 2 2 2 2 2 2 2 2 2 2
 2 2 1 2 1 2 1 2 1 2 1 2 2 2 2 2 2 2 2 2 2 1 2 2 2 2 2 1 2 2 2 1 2 2 2 2 2
 1 2 2 2 2 2 2 2 2 1 1 1 2 1 2 1 2 2 1 1 2 2 1 1 2 1 2 1 2 2 2 2 2 2 2 1 2
 2 2 2 1 1 2 0 2 2 2 1 2 1 2 2 1 2 2 2 2 2 2 1 2 2 2 1 2 2 1 2 2 2 2 2 2 2
 1 1 2 2 2 2 2 2 2 2 1 2 2 2 2 2 0 2 2 1 1 2 2 2 1 2 2 2 2 2 1 1 2 2 1 2 1
 2 2 2 2 1 2 1 2 2 2 2 2 2 1 1 2 1 2 2 2 2 2 2 2 2 2 2 1 2 2 2 2 2 2 2 2 1
 2 2 1 1 2 2 2 2 2 1 2 2 2 2 2 1 2 1 2 2 2 2 1 2 2 1 2 1 2 2 2 2 2 1 2 2 2
 2 1 2 2 1 2 2 1 2 2 1 2 2 2 2 1 2 2 1 2 2 2 2 2 2 2 2 1 2 2 2 2 2 1 2 2 2
 2 2 2 2 1 1 2 2 2 2 2 1 2 2 2 2 1 1 2 1 2 2 2 2 2 2 2 2 1 2 2 2 2 1 1 2 1
 1 2 2 2 2 2 2 2 2 2 2 2 2 2 2 2 2 2 2 2 2 2 2 2 2 2 2 2 2 2 2 1 2 1 1 1 2
 2 2 1 2 2 2 2 2 2 1 2 1 2 2 1 2 1 2 2 2 2 2 2 2 2 2 2 2 2 2 2 2 2 2 2 2 1
 1 2 1]
{'accuracy': 0.9328859060402684, 'precision': 0.9370111156854674, 'Recall': 0.7055694148056867, 'F1': 0.7551343986126594, 'AUC': 0.9025313049688632, 'Confusion_matrix': array([[0.28571429, 0.28571429, 0.42857143],
       [0.        , 0.86597938, 0.13402062],
       [0.        , 0.03498542, 0.96501458]])}
mcc	 0.812245690977176
