accuracy   0.6666666666666666
precision   0.6139822843028239
Recall   0.5699218721290028
F1   0.5680209528280855
AUC   0.7405021508526238
Confusion_matrix   [[0.18421053 0.53947368 0.27631579]
 [0.06912442 0.77880184 0.15207373]
 [0.         0.25324675 0.74675325]]
[1 2 1 1 1 1 1 1 1 1 2 1 1 1 1 2 0 0 1 0 2 0 0 1 2 1 2 0 1 2 1 1 2 2 2 0 1
 1 1 0 1 1 2 1 1 1 0 1 1 1 2 0 2 1 1 2 1 2 0 1 2 2 0 1 0 2 2 1 1 2 1 1 2 1
 1 0 1 1 1 1 2 1 0 1 1 2 1 1 1 1 1 2 1 1 2 1 1 1 1 1 1 1 1 1 1 2 1 2 1 1 1
 1 1 1 2 2 1 1 1 1 1 1 1 1 1 1 1 1 1 2 1 1 1 1 1 1 2 1 0 0 1 1 1 1 1 2 0 2
 1 1 1 2 2 1 1 1 1 1 1 1 1 1 1 1 1 1 1 1 1 1 1 1 1 1 1 0 2 1 1 0 2 1 1 1 1
 1 2 1 1 1 1 1 1 0 1 1 1 1 1 2 2 1 1 1 2 1 1 1 1 2 1 1 1 1 1 0 2 1 1 2 1 1
 1 1 1 0 1 2 0 1 1 2 1 1 0 1 1 1 1 1 2 1 0 2 2 1 1 1 1 1 2 1 1 0 0 1 1 2 1
 1 1 1 1 1 1 1 1 1 1 1 1 1 1 1 2 1 1 2 1 1 1 1 1 2 1 0 1 1 1 1 1 1 1 2 1 1
 2 2 2 2 1 2 1 1 2 2 2 2 2 2 1 2 1 1 1 2 2 2 2 2 1 2 2 1 2 2 2 2 2 2 2 2 1
 1 1 1 2 1 2 2 2 2 2 2 2 2 2 2 2 2 2 2 2 1 2 1 2 2 2 2 2 1 2 1 1 2 1 2 2 2
 2 2 2 2 1 2 2 2 2 2 2 2 2 1 2 2 2 2 2 1 2 1 2 2 1 1 2 2 2 2 2 2 2 2 2 2 2
 2 1 2 1 1 2 2 2 2 1 2 2 2 2 2 2 1 2 2 2 2 1 1 1 2 2 1 1 2 2 2 2 1 2 2 2 2
 2 2 2]
{'accuracy': 0.6666666666666666, 'precision': 0.6139822843028239, 'Recall': 0.5699218721290028, 'F1': 0.5680209528280855, 'AUC': 0.7405021508526238, 'Confusion_matrix': array([[0.18421053, 0.53947368, 0.27631579],
       [0.06912442, 0.77880184, 0.15207373],
       [0.        , 0.25324675, 0.74675325]])}
mcc	 0.4407609969910456
