accuracy   0.727069351230425
precision   0.7151646039942081
Recall   0.6910643210889313
F1   0.6963011475395376
AUC   0.8510773654288034
Confusion_matrix   [[0.5        0.1641791  0.3358209 ]
 [0.16981132 0.66981132 0.16037736]
 [0.07246377 0.02415459 0.90338164]]
[1 1 2 2 2 1 2 2 1 0 0 2 1 2 1 2 2 1 2 1 2 2 1 2 2 1 2 0 2 2 2 2 0 2 2 0 0
 2 2 1 2 2 1 2 0 1 1 0 0 1 1 2 0 2 2 0 0 0 2 2 0 1 2 2 2 0 2 2 0 0 2 0 2 2
 2 0 2 1 2 2 2 0 2 2 0 2 0 2 2 2 2 0 1 0 1 1 0 0 2 1 2 2 0 2 1 2 0 1 2 1 1
 2 1 0 2 2 2 1 2 2 1 1 0 2 0 0 2 0 0 0 1 2 0 1 1 1 1 0 2 0 0 0 2 2 2 2 2 2
 2 2 2 0 2 2 2 0 2 2 2 1 2 2 2 2 2 1 2 0 2 2 0 2 1 2 1 1 0 0 2 2 0 0 1 2 2
 2 0 0 0 0 1 2 0 1 0 2 2 1 2 2 2 0 2 2 1 1 2 2 0 1 1 1 2 2 2 2 1 2 2 1 2 2
 2 1 0 2 2 0 2 2 2 0 1 2 0 2 2 2 1 2 2 1 0 2 0 0 1 1 2 2 1 2 2 2 2 1 0 0 2
 2 2 2 2 2 0 0 2 1 2 2 2 1 2 0 2 2 2 0 0 0 2 2 1 2 1 0 2 0 2 2 2 2 2 2 0 1
 1 2 2 2 2 1 2 2 0 1 2 2 2 2 2 2 2 2 0 2 2 0 0 2 1 2 2 1 2 2 0 2 0 1 2 2 2
 2 2 1 2 1 0 0 1 0 2 2 1 1 2 1 1 2 2 2 2 2 1 1 2 0 2 2 2 2 0 0 1 2 2 1 2 2
 0 1 2 2 2 1 2 1 2 1 2 2 2 2 2 2 2 2 2 2 0 2 2 1 2 2 2 2 0 1 1 2 2 2 0 2 2
 2 2 0 2 0 1 2 0 1 0 0 2 0 2 2 2 1 2 1 1 2 0 1 2 1 2 0 1 2 2 2 1 2 0 2 2 2
 1 0 2]
{'accuracy': 0.727069351230425, 'precision': 0.7151646039942081, 'Recall': 0.6910643210889313, 'F1': 0.6963011475395376, 'AUC': 0.8510773654288034, 'Confusion_matrix': array([[0.5       , 0.1641791 , 0.3358209 ],
       [0.16981132, 0.66981132, 0.16037736],
       [0.07246377, 0.02415459, 0.90338164]])}
mcc	 0.5691455314723556
