accuracy   0.7807606263982103
precision   0.787475675246573
Recall   0.7513216320001925
F1   0.7635057195347557
AUC   0.8925404597388679
Confusion_matrix   [[0.62626263 0.26262626 0.11111111]
 [0.04026846 0.73825503 0.22147651]
 [0.03015075 0.08040201 0.88944724]]
[1 1 2 2 0 1 2 2 2 2 0 2 2 2 2 2 0 1 2 1 2 0 1 1 0 0 2 1 2 2 2 2 2 2 2 0 1
 2 2 1 2 2 1 2 1 1 1 1 0 1 1 2 0 0 2 1 1 1 2 2 0 2 1 2 2 0 2 2 0 1 0 2 1 2
 2 2 2 2 2 1 2 2 2 2 2 2 0 2 0 2 2 0 0 2 1 1 0 1 2 1 2 2 1 2 2 2 1 1 0 1 1
 1 2 1 1 2 2 2 1 2 1 1 0 2 0 0 2 0 2 0 0 2 1 1 1 0 1 0 2 1 1 0 0 1 1 2 2 2
 0 2 2 2 2 2 2 2 1 0 2 0 1 1 1 2 0 1 2 1 1 0 2 2 1 2 1 1 1 1 1 2 1 2 2 2 0
 2 0 0 2 1 0 2 0 1 2 2 2 0 2 2 2 0 2 1 1 1 2 0 1 1 2 2 2 2 1 1 1 2 2 1 2 1
 2 1 0 1 2 1 2 2 2 1 2 0 1 0 2 2 1 2 2 1 0 2 1 1 1 0 1 2 1 2 2 2 2 1 0 2 1
 2 2 2 2 1 1 0 1 1 2 2 2 1 2 2 2 2 1 1 1 0 1 2 1 2 2 2 2 1 2 2 2 2 2 2 0 1
 1 2 2 2 2 2 2 2 1 1 2 1 2 2 0 2 2 0 2 2 2 1 2 1 0 0 2 1 2 0 1 2 0 1 0 2 1
 1 2 1 2 1 2 0 1 1 2 2 1 1 1 0 2 1 2 2 2 2 2 1 2 2 0 2 2 2 1 0 2 2 2 2 2 1
 1 1 2 2 0 2 2 2 1 1 2 1 2 2 0 2 1 2 2 0 0 2 2 0 2 1 2 1 1 1 1 1 2 2 1 2 2
 2 1 0 0 2 1 2 1 1 1 2 2 1 1 2 2 1 2 1 1 1 0 1 1 2 2 0 1 2 2 2 1 2 1 2 2 1
 1 0 0]
{'accuracy': 0.7807606263982103, 'precision': 0.787475675246573, 'Recall': 0.7513216320001925, 'F1': 0.7635057195347557, 'AUC': 0.8925404597388679, 'Confusion_matrix': array([[0.62626263, 0.26262626, 0.11111111],
       [0.04026846, 0.73825503, 0.22147651],
       [0.03015075, 0.08040201, 0.88944724]])}
mcc	 0.6550206493465894
