accuracy   0.9060402684563759
precision   0.5853472265812986
Recall   0.5759670583992066
F1   0.5800213724377361
AUC   0.7970826874827356
Confusion_matrix   [[0.         0.42857143 0.57142857]
 [0.         0.7628866  0.2371134 ]
 [0.         0.03498542 0.96501458]]
[2 1 2 1 2 2 2 2 2 1 1 2 2 2 1 2 2 2 2 2 2 2 2 2 2 2 2 2 2 2 1 2 1 2 1 2 2
 2 2 1 2 2 2 2 2 2 2 2 1 2 2 2 2 2 2 2 2 2 1 2 2 1 1 2 2 2 2 2 2 2 2 2 2 2
 1 2 1 2 1 2 1 2 1 2 1 2 2 2 2 2 2 2 2 2 2 1 2 2 2 2 2 2 2 2 2 1 2 2 2 2 2
 1 2 2 2 1 2 2 2 2 2 2 1 2 1 2 1 2 2 1 1 2 2 1 1 2 2 2 1 2 2 2 2 2 2 2 1 2
 2 2 2 2 1 2 1 2 2 2 1 2 1 2 2 2 2 2 2 2 2 2 1 2 2 2 1 2 2 1 2 2 2 2 2 2 2
 1 1 2 2 2 2 2 2 2 2 1 2 2 2 2 2 2 2 2 1 1 2 2 2 1 2 2 2 2 2 1 1 2 2 1 2 1
 2 2 2 2 1 2 1 2 2 2 2 2 2 2 2 2 1 2 2 2 2 2 2 2 2 2 2 1 2 2 2 2 2 2 2 2 1
 2 2 1 1 2 2 2 2 2 2 2 2 2 2 2 1 2 2 2 2 2 2 2 2 2 1 2 1 2 2 2 2 2 2 2 2 2
 2 1 2 2 2 2 2 2 2 2 1 2 2 2 2 2 2 2 1 2 2 2 2 2 2 2 2 1 2 2 2 2 2 1 2 2 2
 2 2 2 2 1 1 2 2 2 2 2 1 2 2 2 2 1 1 2 1 2 2 2 2 2 2 2 2 1 2 2 2 2 1 1 2 1
 1 2 2 2 2 2 2 2 2 2 2 2 2 2 2 2 2 2 2 1 2 1 2 2 2 2 2 2 2 2 1 1 2 1 1 1 2
 2 2 1 2 2 2 2 2 2 1 2 1 2 2 1 2 1 2 2 2 2 2 2 2 2 2 2 2 2 2 2 2 2 2 2 2 1
 1 2 2]
{'accuracy': 0.9060402684563759, 'precision': 0.5853472265812986, 'Recall': 0.5759670583992066, 'F1': 0.5800213724377361, 'AUC': 0.7970826874827356, 'Confusion_matrix': array([[0.        , 0.42857143, 0.57142857],
       [0.        , 0.7628866 , 0.2371134 ],
       [0.        , 0.03498542, 0.96501458]])}
mcc	 0.7288313157438367
