accuracy   0.680089485458613
precision   0.6671611391276846
Recall   0.6314143651164325
F1   0.6379692295185252
AUC   0.8220088306763292
Confusion_matrix   [[0.4040404  0.38383838 0.21212121]
 [0.08724832 0.65100671 0.26174497]
 [0.04020101 0.12060302 0.83919598]]
[1 0 2 2 0 1 2 2 2 2 0 2 2 2 2 2 1 1 2 0 2 1 1 1 1 0 2 1 2 2 2 2 2 2 2 1 1
 2 0 1 2 2 1 2 1 1 1 0 2 1 1 2 0 1 2 0 2 1 2 2 0 2 1 2 2 0 2 2 0 0 2 1 0 2
 2 2 2 2 0 1 2 2 2 2 2 2 1 2 2 2 2 0 0 1 1 1 1 1 2 1 2 2 1 2 2 2 2 1 1 1 1
 2 2 1 0 2 2 2 1 2 1 1 0 2 0 1 2 1 2 2 1 2 1 1 1 2 1 0 2 1 1 0 0 1 1 2 2 2
 0 2 2 2 2 2 2 2 2 1 2 0 1 1 1 2 0 1 2 1 1 1 2 1 1 2 2 1 1 0 1 2 2 2 2 2 1
 2 1 0 2 1 1 2 0 1 2 2 2 2 2 2 2 1 1 1 0 1 2 2 2 1 2 2 2 2 0 1 1 2 2 1 2 1
 2 1 2 1 2 1 2 2 2 1 2 1 2 0 2 2 1 2 2 0 2 2 1 1 2 0 1 2 1 2 2 2 0 1 1 2 1
 2 2 2 2 1 1 0 2 1 2 2 2 1 1 2 2 2 1 1 1 2 1 2 1 2 2 2 2 1 2 2 0 2 2 2 0 1
 1 2 2 2 2 2 2 2 1 1 2 1 2 2 0 2 2 0 2 2 1 1 2 1 0 1 2 1 2 0 1 2 1 1 0 2 2
 1 2 1 1 0 2 0 1 1 2 2 1 1 1 0 2 1 2 2 2 2 2 1 2 0 2 0 2 2 1 0 0 2 2 2 2 1
 1 1 2 0 0 2 2 2 1 1 1 1 2 2 2 2 1 2 2 0 2 2 2 1 2 1 2 1 1 1 1 1 2 2 1 2 2
 2 1 0 0 2 1 2 1 1 1 2 2 1 1 2 2 0 2 1 2 1 1 1 1 0 2 0 0 1 1 2 0 1 1 2 2 1
 1 0 2]
{'accuracy': 0.680089485458613, 'precision': 0.6671611391276846, 'Recall': 0.6314143651164325, 'F1': 0.6379692295185252, 'AUC': 0.8220088306763292, 'Confusion_matrix': array([[0.4040404 , 0.38383838, 0.21212121],
       [0.08724832, 0.65100671, 0.26174497],
       [0.04020101, 0.12060302, 0.83919598]])}
mcc	 0.4931609479148135
