accuracy   0.6890380313199105
precision   0.6694522842063826
Recall   0.6527319196561173
F1   0.6584800445841055
AUC   0.8149861734078673
Confusion_matrix   [[0.53731343 0.17164179 0.29104478]
 [0.23584906 0.5754717  0.18867925]
 [0.12077295 0.03381643 0.84541063]]
[1 1 2 2 2 1 2 2 2 0 0 2 0 0 1 2 2 1 2 1 2 2 1 2 2 0 2 0 2 2 2 2 1 2 2 0 0
 0 2 1 2 2 0 2 0 0 1 0 2 1 1 2 1 2 2 0 0 0 2 2 0 0 2 2 2 0 2 2 0 2 2 2 2 2
 2 0 0 1 2 2 2 0 2 2 0 2 0 2 2 2 2 1 0 1 1 0 0 0 2 1 1 2 1 2 1 2 0 0 2 1 1
 2 1 0 2 2 2 1 0 2 1 0 0 2 0 0 2 0 0 0 1 2 0 1 2 0 1 1 2 0 0 0 2 2 1 2 2 2
 0 2 2 0 2 2 2 0 0 2 2 0 2 2 2 1 2 1 2 0 2 2 0 2 1 2 1 1 0 0 2 2 0 0 0 0 2
 2 2 1 0 0 2 2 0 1 0 2 2 1 2 2 2 0 2 2 1 0 2 2 0 1 0 0 2 2 2 2 1 2 2 1 2 2
 2 1 0 2 2 1 2 2 1 0 1 0 0 0 2 2 1 1 2 1 2 2 0 0 2 1 1 2 1 2 2 2 2 1 0 0 2
 2 2 2 2 0 0 0 2 0 2 2 2 1 0 1 2 2 2 0 0 0 2 2 1 2 1 0 2 0 2 2 0 2 2 2 0 0
 2 0 2 2 2 0 2 0 1 1 0 2 2 2 2 2 2 2 0 2 2 0 2 2 1 2 2 1 2 2 1 2 1 1 2 2 2
 2 2 0 0 1 0 0 1 0 2 2 1 1 2 0 1 2 2 2 2 2 1 1 2 0 2 2 2 2 0 0 1 2 2 1 2 0
 0 2 2 2 2 1 2 1 2 1 2 0 2 2 2 2 2 2 2 0 0 2 2 1 2 2 2 2 0 1 1 2 2 2 0 2 2
 2 2 0 2 0 1 1 0 1 0 0 2 0 2 0 2 1 2 1 1 2 0 1 2 1 2 0 1 2 2 2 1 2 0 2 2 2
 1 0 2]
{'accuracy': 0.6890380313199105, 'precision': 0.6694522842063826, 'Recall': 0.6527319196561173, 'F1': 0.6584800445841055, 'AUC': 0.8149861734078673, 'Confusion_matrix': array([[0.53731343, 0.17164179, 0.29104478],
       [0.23584906, 0.5754717 , 0.18867925],
       [0.12077295, 0.03381643, 0.84541063]])}
mcc	 0.5067897308956905
