accuracy   0.7293064876957495
precision   0.7231213097155127
Recall   0.6919357140934829
F1   0.7006263649750748
AUC   0.8657294562660317
Confusion_matrix   [[0.51515152 0.32323232 0.16161616]
 [0.08053691 0.7114094  0.20805369]
 [0.03517588 0.11557789 0.84924623]]
[1 0 2 2 0 1 2 2 2 2 0 1 2 2 2 2 0 1 2 0 2 0 1 1 1 0 2 0 2 2 2 2 2 2 1 1 1
 2 2 1 2 2 1 2 1 1 1 1 2 1 1 2 0 1 2 1 2 1 2 2 0 2 1 2 2 0 2 2 0 1 0 2 0 2
 2 2 2 2 0 1 2 2 2 2 2 2 0 2 0 2 2 0 0 1 1 1 0 1 2 1 2 2 1 2 2 2 1 1 1 1 1
 1 2 1 0 2 2 2 1 2 1 1 0 2 0 0 2 1 2 2 1 2 1 1 1 0 1 0 2 1 1 0 0 1 1 2 2 2
 0 2 2 2 2 2 2 2 2 1 2 0 1 1 1 2 0 1 2 1 1 1 2 1 1 2 2 1 1 1 1 2 2 2 2 2 0
 2 1 0 1 1 0 2 0 1 2 2 2 2 2 2 2 1 1 1 1 1 2 2 0 1 2 2 2 2 0 1 1 2 2 1 2 1
 2 1 0 1 2 1 2 2 2 1 2 0 1 0 2 2 1 2 2 0 2 2 1 1 2 0 1 2 1 2 2 2 2 1 0 2 0
 2 2 2 2 1 1 0 1 1 2 2 2 1 1 2 2 2 1 1 1 0 1 2 1 1 2 2 2 1 2 2 0 2 2 2 0 1
 1 2 2 2 2 2 2 2 1 1 2 1 2 2 0 2 2 0 0 2 2 1 2 1 0 0 2 1 2 0 1 2 0 1 0 2 1
 1 2 1 2 1 2 0 1 1 1 2 1 1 1 0 2 1 2 2 2 2 2 1 2 2 0 2 2 2 1 0 0 2 2 2 2 1
 1 1 2 2 0 2 2 2 1 1 1 1 2 2 0 2 1 2 2 0 0 2 2 1 2 1 2 1 1 1 1 1 2 2 1 2 2
 2 1 0 0 2 1 2 1 1 1 2 2 1 1 2 2 1 2 1 0 1 1 1 1 2 2 0 1 1 2 2 1 1 1 2 2 1
 1 0 2]
{'accuracy': 0.7293064876957495, 'precision': 0.7231213097155127, 'Recall': 0.6919357140934829, 'F1': 0.7006263649750748, 'AUC': 0.8657294562660317, 'Confusion_matrix': array([[0.51515152, 0.32323232, 0.16161616],
       [0.08053691, 0.7114094 , 0.20805369],
       [0.03517588, 0.11557789, 0.84924623]])}
mcc	 0.5734758588602156
