accuracy   0.6644295302013423
precision   0.6100111234705228
Recall   0.4686055788887383
F1   0.4727882329096904
AUC   0.7133554416950975
Confusion_matrix   [[0.56284153 0.43169399 0.00546448]
 [0.20247934 0.79752066 0.        ]
 [0.13636364 0.81818182 0.04545455]]
[0 0 0 1 1 1 1 1 1 1 1 0 0 1 0 1 1 1 1 0 1 1 0 1 1 1 1 0 0 1 0 1 1 0 1 1 0
 0 0 0 0 0 1 0 0 0 1 0 0 0 0 0 0 1 0 0 0 0 1 0 0 1 0 1 0 0 0 0 0 0 1 1 1 1
 1 1 1 1 1 1 1 1 1 0 0 0 0 1 1 0 1 1 0 0 0 0 0 0 1 0 1 0 1 0 0 0 1 0 0 0 1
 0 1 1 1 1 0 0 0 1 1 1 0 1 0 0 0 0 0 0 2 1 0 1 0 0 1 0 1 0 0 0 1 0 0 1 1 1
 0 0 1 1 0 0 0 1 0 1 1 1 0 0 1 1 1 1 1 0 0 0 0 0 0 0 0 0 0 0 0 0 0 0 0 1 1
 0 0 1 1 1 1 1 1 1 1 0 1 0 1 1 0 0 1 0 1 1 1 1 1 1 0 0 1 1 1 1 1 0 1 1 1 1
 1 1 1 1 1 1 1 1 1 0 1 0 0 1 1 0 1 0 1 1 0 0 1 1 1 1 0 1 1 0 0 0 1 1 1 1 1
 1 0 1 1 1 0 1 1 1 1 1 1 1 1 1 1 1 1 1 1 1 0 1 1 1 1 1 1 1 1 1 0 1 1 0 1 1
 1 1 1 1 1 1 1 1 0 1 1 1 1 1 1 1 1 1 1 1 1 1 1 0 1 1 1 1 1 1 1 1 0 1 1 0 1
 1 1 0 1 0 0 1 1 1 0 1 0 1 1 1 1 0 1 1 1 0 1 0 1 1 1 1 1 1 1 0 0 1 1 1 1 0
 1 1 1 1 1 1 1 1 1 1 0 1 0 1 1 1 1 1 1 1 1 1 1 1 0 0 1 1 1 1 1 1 1 1 1 0 1
 1 1 1 1 1 1 1 1 0 1 1 1 0 1 1 1 0 1 1 1 1 1 1 1 0 1 1 1 1 1 1 1 0 1 1 1 1
 2 0 1]
{'accuracy': 0.6644295302013423, 'precision': 0.6100111234705228, 'Recall': 0.4686055788887383, 'F1': 0.4727882329096904, 'AUC': 0.7133554416950975, 'Confusion_matrix': array([[0.56284153, 0.43169399, 0.00546448],
       [0.20247934, 0.79752066, 0.        ],
       [0.13636364, 0.81818182, 0.04545455]])}
mcc	 0.3445597055362546
