accuracy   0.7941834451901566
precision   0.7914385777367086
Recall   0.7270889834557067
F1   0.7456622256337154
AUC   0.8900862204736809
Confusion_matrix   [[0.47368421 0.31578947 0.21052632]
 [0.03686636 0.88940092 0.07373272]
 [0.01298701 0.16883117 0.81818182]]
[1 2 0 1 1 1 1 1 2 0 1 1 1 2 2 2 1 1 1 1 1 2 1 2 0 0 2 2 1 0 1 1 2 2 1 2 1
 2 0 1 1 0 1 1 1 1 1 2 2 2 1 2 2 1 2 1 1 2 1 1 1 2 1 0 1 0 1 0 2 1 1 1 2 2
 1 2 1 1 1 2 1 2 1 2 1 1 2 1 0 1 0 1 2 2 0 1 1 1 1 2 1 2 1 1 2 1 2 2 1 1 0
 1 2 0 2 1 1 2 1 2 2 1 1 1 2 1 1 0 2 0 0 2 1 1 2 1 0 1 1 2 1 2 0 1 2 1 2 2
 1 1 2 2 2 1 0 1 1 1 1 2 2 2 2 1 0 1 1 1 1 1 2 1 1 2 1 2 2 1 2 1 2 1 2 1 1
 1 2 1 1 1 1 1 1 1 1 2 1 0 1 2 1 2 0 1 1 0 1 1 1 1 1 2 1 1 1 1 1 1 1 2 1 2
 0 1 1 2 1 1 1 1 1 1 0 2 2 1 1 1 1 1 1 2 2 2 1 1 1 1 2 1 1 2 1 1 1 0 1 2 2
 1 1 1 1 2 2 2 2 2 1 0 1 2 2 2 2 1 1 1 2 0 2 0 1 1 1 2 1 2 2 1 1 1 2 1 2 2
 2 2 0 1 1 1 2 1 2 2 2 2 1 1 2 1 1 2 1 1 1 1 1 2 2 0 2 2 0 0 2 2 1 1 1 1 1
 2 2 1 1 0 2 1 1 2 1 1 2 1 0 0 1 1 1 2 1 1 1 0 0 1 1 2 2 2 1 1 2 2 2 1 2 2
 2 2 1 1 2 2 1 2 1 0 1 1 1 2 1 2 2 2 1 2 1 1 2 0 2 2 2 1 2 1 1 2 1 1 2 1 1
 1 1 2 1 1 1 1 2 2 2 2 1 0 1 2 1 2 2 1 2 2 2 1 1 1 2 0 1 1 1 0 0 1 1 1 2 1
 1 1 2]
{'accuracy': 0.7941834451901566, 'precision': 0.7914385777367086, 'Recall': 0.7270889834557067, 'F1': 0.7456622256337154, 'AUC': 0.8900862204736809, 'Confusion_matrix': array([[0.47368421, 0.31578947, 0.21052632],
       [0.03686636, 0.88940092, 0.07373272],
       [0.01298701, 0.16883117, 0.81818182]])}
mcc	 0.6600834695639874
