accuracy   0.639821029082774
precision   0.5937819231623362
Recall   0.4722440144119015
F1   0.4918720465285351
AUC   0.6376533171344724
Confusion_matrix   [[0.125      0.6875     0.1875    ]
 [0.0083682  0.76569038 0.22594142]
 [0.         0.47395833 0.52604167]]
[1 1 2 1 2 1 1 1 1 2 1 1 2 2 1 1 1 1 1 2 2 1 2 2 1 2 2 2 2 1 1 1 2 2 2 1 2
 2 2 1 1 2 1 2 2 1 1 2 1 1 2 1 1 1 1 1 2 1 1 1 2 1 2 2 1 1 1 2 1 1 2 2 2 2
 1 1 2 1 2 1 1 1 1 1 1 1 2 1 1 1 2 1 2 2 2 2 1 2 0 1 1 2 1 1 2 1 1 1 1 1 1
 1 0 1 1 2 1 1 2 2 2 2 2 2 1 1 1 1 1 1 2 2 1 1 2 2 2 1 1 1 1 2 1 1 1 2 1 1
 1 2 1 0 1 2 2 1 1 1 1 1 2 2 1 2 2 1 2 1 1 1 2 2 2 1 1 1 1 1 2 1 1 1 2 1 2
 1 1 1 1 1 2 1 2 1 2 1 1 1 2 1 1 1 1 1 1 2 1 1 1 1 1 1 1 2 1 2 1 1 1 1 1 1
 2 1 1 1 2 1 2 1 2 1 1 2 1 1 2 2 2 1 1 1 1 2 1 1 1 1 1 1 1 1 1 1 1 1 1 2 1
 2 2 2 1 2 2 1 1 2 1 2 2 1 1 2 1 2 2 2 2 1 1 2 1 1 1 1 1 1 1 2 1 1 1 2 2 2
 2 1 2 1 1 2 1 1 1 1 1 1 1 1 1 1 1 1 2 1 2 2 1 2 1 2 2 1 1 1 1 1 1 1 2 2 1
 1 2 1 1 1 1 2 1 2 1 2 2 1 1 2 1 1 1 1 2 1 1 2 1 1 2 1 1 1 2 2 1 1 1 1 1 2
 1 1 2 1 1 1 2 2 2 2 1 2 1 1 1 1 1 1 2 1 1 2 1 1 0 2 2 2 1 1 2 2 1 1 1 2 2
 1 1 1 2 1 1 2 1 1 2 1 1 1 1 1 1 1 2 1 1 1 1 1 1 2 1 2 2 1 2 1 1 2 1 2 1 2
 1 2 2]
{'accuracy': 0.639821029082774, 'precision': 0.5937819231623362, 'Recall': 0.4722440144119015, 'F1': 0.4918720465285351, 'AUC': 0.6376533171344724, 'Confusion_matrix': array([[0.125     , 0.6875    , 0.1875    ],
       [0.0083682 , 0.76569038, 0.22594142],
       [0.        , 0.47395833, 0.52604167]])}
mcc	 0.29502192218193896
