accuracy   0.7114093959731543
precision   0.47688136272258347
Recall   0.49175059085640305
F1   0.4825555250891143
AUC   0.8036853085796318
Confusion_matrix   [[0.66120219 0.33333333 0.00546448]
 [0.18595041 0.81404959 0.        ]
 [0.04545455 0.95454545 0.        ]]
[0 0 0 1 1 1 1 1 0 0 1 0 0 0 0 1 1 1 1 0 1 0 0 1 0 1 0 0 0 0 0 1 0 0 1 1 0
 0 0 0 0 0 1 0 0 0 1 0 0 1 0 0 0 1 0 0 0 0 0 0 0 1 0 1 2 0 0 1 0 0 1 1 1 1
 1 0 1 1 1 1 0 1 0 1 0 0 0 1 1 0 0 0 0 0 0 0 0 0 1 0 0 0 1 0 0 0 1 0 0 0 0
 0 1 1 1 0 0 0 0 0 1 1 0 1 0 0 0 0 0 0 0 1 0 0 0 0 1 0 1 0 0 0 0 0 0 1 1 0
 0 0 1 1 0 0 0 1 0 1 1 1 0 0 1 1 1 1 1 0 0 0 0 0 0 0 0 0 0 0 0 0 0 0 0 1 1
 0 0 1 1 1 1 1 1 1 1 1 1 0 1 1 0 0 1 0 1 0 1 1 1 0 1 0 1 1 1 1 1 1 1 1 1 1
 1 1 1 1 0 1 1 1 1 1 1 1 0 1 1 1 1 0 1 0 0 1 1 1 1 1 0 1 1 1 1 1 1 1 1 1 1
 1 0 1 1 1 1 1 1 1 1 1 1 1 1 1 1 1 1 1 1 1 1 1 1 1 1 1 1 1 1 1 0 0 1 0 1 0
 0 0 1 1 1 1 1 1 0 1 1 1 1 1 1 1 1 0 1 1 1 1 1 0 1 1 1 1 1 1 1 1 0 1 1 0 1
 1 1 0 1 1 1 1 1 1 0 1 0 1 1 1 1 0 1 1 1 0 1 0 1 1 0 1 1 1 1 1 0 1 0 1 1 0
 1 1 1 1 1 1 1 1 1 1 0 1 0 1 1 1 1 1 1 1 1 0 1 1 0 0 1 1 1 1 1 1 1 1 1 1 1
 1 1 1 1 1 1 1 1 0 1 1 1 0 1 1 1 0 1 1 1 1 1 1 1 1 1 1 1 1 1 1 1 1 1 1 1 1
 1 0 1]
{'accuracy': 0.7114093959731543, 'precision': 0.47688136272258347, 'Recall': 0.49175059085640305, 'F1': 0.4825555250891143, 'AUC': 0.8036853085796318, 'Confusion_matrix': array([[0.66120219, 0.33333333, 0.00546448],
       [0.18595041, 0.81404959, 0.        ],
       [0.04545455, 0.95454545, 0.        ]])}
mcc	 0.4384392108074948
