accuracy   0.7293064876957495
precision   0.6991913746630729
Recall   0.5711963148624847
F1   0.6017342206089937
AUC   0.8056292843076477
Confusion_matrix   [[0.22727273 0.72727273 0.04545455]
 [0.01239669 0.83057851 0.15702479]
 [0.         0.3442623  0.6557377 ]]
[1 2 1 1 1 2 1 2 1 1 1 1 1 2 2 1 1 1 1 1 1 1 1 2 1 2 1 2 2 2 1 2 2 2 1 2 1
 1 1 1 1 2 2 2 1 1 1 2 1 1 2 1 1 1 1 1 2 1 1 2 1 1 1 1 2 1 1 1 1 1 2 1 2 1
 2 1 2 1 1 1 2 1 1 2 2 1 1 2 2 2 2 2 1 2 1 1 2 1 1 2 1 1 1 1 1 2 1 1 1 1 2
 1 2 1 2 1 1 2 1 2 1 1 0 1 1 2 1 1 2 2 1 2 0 2 2 2 1 1 2 1 1 2 2 1 1 1 2 1
 1 1 1 2 1 1 1 2 2 1 2 1 1 1 1 2 2 1 2 1 2 2 2 2 1 2 1 1 1 0 2 1 1 1 1 1 1
 1 1 2 2 1 1 1 1 2 1 2 2 1 2 1 1 1 2 2 2 1 1 0 1 2 1 1 1 1 2 1 1 2 1 1 1 2
 1 2 1 2 1 2 1 1 1 1 1 1 2 1 2 2 1 1 1 2 1 1 2 2 1 1 1 2 1 1 0 2 1 1 1 2 1
 1 2 1 2 1 1 2 1 1 2 1 1 1 1 2 1 1 1 1 1 1 1 2 1 1 1 2 1 1 1 1 1 1 2 2 1 2
 1 1 2 1 2 1 1 1 2 1 2 2 1 1 1 1 2 2 1 1 1 1 1 1 1 1 2 1 2 1 2 1 1 1 1 2 2
 1 1 2 1 2 1 2 1 2 2 1 1 2 2 1 1 1 1 2 2 2 2 1 1 2 2 2 2 1 2 2 2 1 1 0 2 1
 1 1 1 1 2 1 1 1 2 2 2 1 1 2 2 1 1 1 1 1 2 1 1 2 1 1 1 2 1 1 2 2 1 1 2 1 0
 0 1 1 1 1 2 1 1 1 2 1 1 2 2 1 1 2 2 1 1 1 2 2 1 1 2 2 2 1 1 2 2 1 1 1 2 1
 1 1 1]
{'accuracy': 0.7293064876957495, 'precision': 0.6991913746630729, 'Recall': 0.5711963148624847, 'F1': 0.6017342206089937, 'AUC': 0.8056292843076477, 'Confusion_matrix': array([[0.22727273, 0.72727273, 0.04545455],
       [0.01239669, 0.83057851, 0.15702479],
       [0.        , 0.3442623 , 0.6557377 ]])}
mcc	 0.4796310969388863
