accuracy   0.7516778523489933
precision   0.7310729847494554
Recall   0.5720844811753902
F1   0.6014525306978137
AUC   0.8324768139325789
Confusion_matrix   [[0.66666667 0.         0.33333333]
 [0.04545455 0.18181818 0.77272727]
 [0.12396694 0.00826446 0.8677686 ]]
[2 2 2 2 0 0 2 2 0 2 0 2 0 2 0 2 0 2 2 0 0 2 0 2 0 0 2 2 0 0 1 2 2 2 0 2 2
 0 0 2 2 2 2 0 2 2 0 2 2 2 2 2 0 2 0 2 2 0 2 2 0 2 2 0 0 2 2 2 0 1 2 0 2 0
 0 2 2 0 2 0 0 0 0 2 2 0 2 2 2 2 2 0 0 2 2 0 2 2 2 0 2 0 2 0 2 2 2 2 2 2 2
 2 2 0 2 0 2 2 2 0 2 2 0 0 2 2 2 0 2 2 0 2 0 2 2 0 2 2 2 2 0 0 2 2 2 2 0 2
 0 0 2 2 2 0 0 2 2 2 2 2 0 2 0 0 0 0 0 0 2 0 2 0 2 2 2 0 2 0 2 2 2 2 2 2 2
 0 0 0 0 2 2 2 2 0 0 2 2 2 0 0 0 2 2 0 2 0 0 2 2 2 0 0 2 2 2 2 2 0 2 0 2 2
 0 1 2 0 0 2 0 2 2 2 2 0 2 2 2 2 0 2 2 2 0 2 2 0 2 0 2 0 0 2 0 0 2 2 0 2 2
 2 2 2 2 0 0 1 2 2 2 0 2 2 0 2 0 2 0 2 2 2 2 2 0 2 2 0 2 0 2 2 2 0 2 0 0 2
 2 0 2 0 2 2 2 2 2 2 2 2 2 0 0 2 2 0 2 2 2 2 2 2 2 0 2 2 0 2 2 0 2 2 0 2 2
 2 2 2 2 2 0 2 0 0 2 2 0 2 2 0 2 2 2 2 2 2 0 0 0 2 2 0 2 2 2 2 2 2 2 2 0 2
 1 2 0 2 2 0 0 2 2 2 2 2 2 0 0 2 2 2 2 2 0 0 0 2 0 0 0 2 2 2 2 0 2 0 2 2 2
 2 0 2 0 2 2 2 2 0 2 2 2 1 0 2 0 2 2 0 2 2 2 2 2 2 0 0 2 2 2 2 0 2 2 2 2 0
 0 2 2]
{'accuracy': 0.7516778523489933, 'precision': 0.7310729847494554, 'Recall': 0.5720844811753902, 'F1': 0.6014525306978137, 'AUC': 0.8324768139325789, 'Confusion_matrix': array([[0.66666667, 0.        , 0.33333333],
       [0.04545455, 0.18181818, 0.77272727],
       [0.12396694, 0.00826446, 0.8677686 ]])}
mcc	 0.5230918908646657
