accuracy   0.7695749440715883
precision   0.776497005988024
Recall   0.698792435634541
F1   0.716925081090204
AUC   0.8698434922664853
Confusion_matrix   [[0.42105263 0.35526316 0.22368421]
 [0.03225806 0.85714286 0.11059908]
 [0.00649351 0.17532468 0.81818182]]
[1 2 1 1 2 1 1 1 2 0 1 1 1 2 1 2 1 1 1 2 1 2 1 2 0 0 2 2 1 2 1 1 2 2 1 2 1
 2 0 1 1 0 2 1 1 1 1 2 2 2 1 2 2 1 2 1 1 2 1 1 1 2 0 0 1 0 1 1 2 1 1 1 2 2
 1 2 1 1 1 2 1 2 1 2 1 1 2 1 0 1 1 1 2 2 0 1 1 1 1 2 1 2 1 1 2 1 2 2 1 1 0
 1 2 0 2 1 1 2 2 2 2 1 1 1 2 1 1 1 2 1 0 2 1 1 2 1 1 1 2 2 2 2 0 1 2 1 2 2
 1 1 2 2 2 1 0 1 1 1 1 2 2 2 2 1 2 1 1 1 1 1 2 1 1 2 1 2 2 1 2 1 2 1 2 1 0
 1 2 1 1 1 1 1 1 1 1 0 1 1 1 2 1 2 0 1 1 0 1 1 1 1 1 2 1 1 1 1 1 1 1 2 1 2
 0 1 1 2 1 1 1 1 1 1 0 1 2 1 1 1 2 1 2 2 2 2 1 1 1 1 2 1 0 2 1 1 0 2 1 2 2
 1 1 1 1 2 2 2 2 2 1 0 1 2 1 2 2 1 1 1 2 1 2 0 1 0 1 2 1 2 2 1 1 1 1 1 1 2
 2 2 0 1 1 1 2 1 2 2 2 2 1 1 2 1 1 2 1 1 2 1 1 1 2 0 2 2 0 1 2 2 1 1 1 1 1
 2 2 1 1 0 2 1 1 2 2 0 2 1 0 0 1 1 1 2 1 1 1 0 1 1 1 2 2 2 1 1 2 2 2 1 2 2
 2 2 2 1 2 2 1 2 1 0 2 1 1 2 1 2 1 2 1 2 1 2 2 1 2 2 2 1 0 1 2 2 2 1 2 1 1
 1 1 2 1 1 1 1 2 2 2 2 1 0 1 2 1 2 2 1 2 2 2 1 1 1 2 0 1 1 1 0 0 1 1 1 2 1
 1 1 2]
{'accuracy': 0.7695749440715883, 'precision': 0.776497005988024, 'Recall': 0.698792435634541, 'F1': 0.716925081090204, 'AUC': 0.8698434922664853, 'Confusion_matrix': array([[0.42105263, 0.35526316, 0.22368421],
       [0.03225806, 0.85714286, 0.11059908],
       [0.00649351, 0.17532468, 0.81818182]])}
mcc	 0.6188010237943556
