accuracy   0.8926174496644296
precision   0.5744556386090348
Recall   0.5578131105166663
F1   0.5648039903359052
AUC   0.8810196496018984
Confusion_matrix   [[0.         0.42857143 0.57142857]
 [0.         0.71134021 0.28865979]
 [0.         0.03790087 0.96209913]]
[2 2 2 2 1 1 1 2 1 1 2 1 1 1 2 1 2 1 1 1 1 2 1 1 1 2 1 2 1 1 1 1 1 1 1 1 1
 2 2 1 1 1 1 1 1 1 2 1 1 2 1 2 1 2 1 1 2 1 2 1 1 1 2 2 1 2 2 1 2 1 1 1 1 1
 1 1 1 1 2 1 1 1 2 1 1 2 2 2 1 1 1 1 2 1 1 1 1 1 1 2 1 1 1 2 2 2 2 2 2 2 2
 2 2 2 2 2 2 2 2 2 2 2 2 2 2 2 2 2 2 2 2 2 2 2 2 2 2 2 2 1 2 2 2 2 1 2 2 2
 2 2 2 2 2 2 2 2 2 2 2 2 2 2 2 2 2 2 2 2 2 2 2 2 2 2 2 2 2 2 2 2 2 2 2 2 2
 2 2 2 2 2 2 2 2 2 2 2 2 2 2 2 2 2 2 2 2 2 2 2 2 2 2 2 2 1 2 2 2 2 2 2 2 2
 2 2 2 2 2 2 2 2 2 2 2 2 2 2 2 2 2 2 2 2 2 2 2 2 2 2 2 2 2 2 2 2 2 2 2 2 2
 2 2 2 1 1 2 2 2 2 2 2 2 2 2 2 2 2 2 2 2 2 2 1 2 2 2 2 2 1 2 2 2 2 2 2 2 2
 2 2 2 2 2 2 2 2 2 2 2 2 2 2 2 2 2 2 2 2 2 2 2 2 2 2 2 2 2 2 2 2 1 2 2 2 2
 2 2 2 2 2 2 2 2 2 2 2 2 2 2 2 2 2 2 2 2 2 2 2 1 2 2 2 2 2 2 2 2 2 2 2 2 2
 2 2 2 2 2 1 2 2 2 2 2 2 2 2 2 2 2 2 2 2 2 2 2 2 2 2 2 2 2 2 2 2 2 2 2 2 2
 2 2 2 2 2 2 1 1 2 2 2 2 2 2 1 2 2 2 2 2 2 2 2 2 2 2 2 2 2 2 2 2 2 2 2 2 2
 2 2 2]
{'accuracy': 0.8926174496644296, 'precision': 0.5744556386090348, 'Recall': 0.5578131105166663, 'F1': 0.5648039903359052, 'AUC': 0.8810196496018984, 'Confusion_matrix': array([[0.        , 0.42857143, 0.57142857],
       [0.        , 0.71134021, 0.28865979],
       [0.        , 0.03790087, 0.96209913]])}
mcc	 0.6868437842995786
