accuracy   0.6465324384787472
precision   0.596156462585034
Recall   0.4645005230125523
F1   0.47349343777915215
AUC   0.7124792974198048
Confusion_matrix   [[0.69037657 0.30962343 0.        ]
 [0.35416667 0.640625   0.00520833]
 [0.75       0.1875     0.0625    ]]
[1 0 1 1 1 0 0 0 0 1 1 1 1 1 0 0 0 1 2 0 0 1 0 1 0 0 0 1 1 1 1 0 0 0 0 1 0
 0 1 0 1 1 0 1 1 0 1 0 0 1 1 1 1 1 1 1 0 1 0 0 1 0 1 0 0 0 0 1 0 0 1 0 0 1
 1 1 0 0 0 0 0 1 1 1 1 1 0 1 0 1 0 0 0 1 1 1 1 0 0 1 1 1 0 1 0 0 0 1 0 1 1
 0 1 0 1 0 0 1 1 1 0 1 1 0 0 1 0 0 0 0 0 0 0 1 0 0 0 0 1 1 1 1 1 0 0 0 0 1
 2 0 1 0 0 0 1 0 1 0 0 1 1 0 1 1 1 0 0 0 1 1 0 0 0 1 1 1 0 0 1 1 0 0 0 1 0
 0 0 0 0 1 0 1 0 0 0 0 1 0 0 0 1 1 0 0 1 0 0 1 0 0 0 0 0 1 0 1 0 1 0 1 0 0
 1 0 1 0 0 0 1 0 0 0 0 1 1 0 1 0 1 1 1 1 1 1 0 0 0 0 1 1 0 1 0 0 0 0 0 1 1
 1 0 1 1 1 1 0 1 1 0 1 1 0 1 1 0 0 0 0 1 0 0 1 0 1 1 1 1 0 1 0 1 1 1 1 0 0
 1 0 0 1 0 1 1 0 0 1 1 0 0 0 1 0 1 1 0 0 0 1 1 1 0 0 0 0 1 0 1 1 0 0 0 1 0
 1 1 0 0 0 1 1 0 1 0 0 1 0 1 1 1 0 0 0 0 0 1 1 1 0 1 0 1 0 1 0 1 1 1 1 1 0
 0 1 0 1 1 0 0 0 1 1 0 0 0 1 1 0 1 1 0 0 0 0 0 0 1 0 1 0 1 0 0 0 1 0 0 0 0
 0 0 1 0 0 0 0 0 0 1 0 1 1 0 1 0 0 0 0 1 0 0 1 1 0 0 1 0 1 0 0 1 0 1 0 0 0
 1 0 1]
{'accuracy': 0.6465324384787472, 'precision': 0.596156462585034, 'Recall': 0.4645005230125523, 'F1': 0.47349343777915215, 'AUC': 0.7124792974198048, 'Confusion_matrix': array([[0.69037657, 0.30962343, 0.        ],
       [0.35416667, 0.640625  , 0.00520833],
       [0.75      , 0.1875    , 0.0625    ]])}
mcc	 0.31369964121444466
