accuracy   0.785234899328859
precision   0.8087586281510332
Recall   0.7133596454479306
F1   0.7368670013535482
AUC   0.8821917329981845
Confusion_matrix   [[0.44736842 0.34210526 0.21052632]
 [0.01843318 0.89400922 0.0875576 ]
 [0.00649351 0.19480519 0.7987013 ]]
[1 2 1 1 1 1 1 1 2 0 1 1 1 2 1 2 1 1 1 1 1 2 1 2 0 0 2 2 2 2 1 1 2 2 1 2 1
 2 0 1 1 0 1 1 1 1 1 2 2 2 1 2 2 1 2 1 1 2 1 1 1 2 0 0 1 1 1 1 2 1 1 1 2 2
 1 2 1 1 1 2 1 2 1 2 1 1 2 1 0 1 0 1 2 0 0 1 1 1 1 2 1 2 1 1 2 1 2 2 1 1 0
 1 2 1 2 1 1 2 1 2 2 1 1 1 2 1 1 1 2 1 0 2 1 1 2 1 1 1 1 2 1 2 0 1 2 1 2 2
 1 1 2 2 2 1 0 1 1 1 1 2 2 2 2 1 0 1 1 1 1 1 2 1 1 2 1 2 2 1 2 1 2 1 2 1 1
 1 2 1 1 1 1 1 1 1 1 0 1 0 1 2 1 2 0 1 1 0 1 1 1 1 1 2 1 1 1 1 1 1 1 2 1 2
 0 1 1 2 1 1 1 1 1 1 0 2 2 1 1 1 1 1 1 2 2 2 1 1 1 1 2 1 1 2 1 1 1 2 1 2 2
 1 0 1 1 2 2 2 2 2 1 0 1 2 1 2 2 1 1 1 2 1 2 0 1 0 1 2 1 2 2 1 1 1 1 1 2 2
 2 2 0 1 1 1 2 1 2 2 2 2 1 1 2 1 1 2 1 1 1 1 1 1 2 0 2 2 0 1 2 2 1 1 1 1 1
 2 2 1 1 0 2 1 1 2 1 1 2 1 0 0 1 1 1 2 1 1 1 0 0 1 1 2 2 2 1 1 2 2 2 1 2 2
 2 2 2 1 2 2 1 2 1 0 1 1 1 2 1 2 2 2 1 2 1 1 2 1 2 2 2 1 2 1 2 2 1 1 2 1 1
 1 1 2 1 1 2 1 2 2 2 2 1 0 1 2 1 2 2 1 2 2 2 1 1 1 2 0 1 1 1 0 0 1 1 1 2 1
 1 1 2]
{'accuracy': 0.785234899328859, 'precision': 0.8087586281510332, 'Recall': 0.7133596454479306, 'F1': 0.7368670013535482, 'AUC': 0.8821917329981845, 'Confusion_matrix': array([[0.44736842, 0.34210526, 0.21052632],
       [0.01843318, 0.89400922, 0.0875576 ],
       [0.00649351, 0.19480519, 0.7987013 ]])}
mcc	 0.6447886880468301
