accuracy   0.680089485458613
precision   0.6873298830745639
Recall   0.6404533003298644
F1   0.6526229693325147
AUC   0.7966012468052872
Confusion_matrix   [[0.48484848 0.32323232 0.19191919]
 [0.0738255  0.59731544 0.32885906]
 [0.02512563 0.13567839 0.83919598]]
[0 2 2 1 0 1 1 0 2 2 1 0 0 0 2 0 0 0 0 0 2 0 0 0 2 2 2 0 1 0 1 0 0 0 0 1 2
 1 2 0 1 2 1 2 1 0 1 1 1 0 1 0 0 0 0 1 0 0 1 0 1 1 2 0 1 0 1 2 0 1 0 0 1 1
 1 1 0 2 0 0 1 1 0 0 1 2 0 0 0 0 2 1 2 1 0 0 0 1 0 1 2 2 2 2 0 2 2 0 1 1 2
 2 1 1 2 1 0 2 1 2 2 1 1 2 1 2 2 1 2 2 1 1 1 1 1 1 1 1 2 1 1 1 1 1 2 1 1 1
 1 1 1 2 2 1 1 2 1 1 1 1 1 1 2 1 2 2 1 1 1 0 2 2 1 2 1 1 2 1 1 2 1 2 1 1 0
 2 1 2 1 1 1 1 1 2 1 1 1 2 2 2 2 1 2 2 1 1 2 0 0 1 2 2 0 1 1 1 0 1 1 1 1 1
 1 1 1 1 1 1 2 1 1 1 0 1 1 2 1 1 0 1 1 2 2 1 2 2 1 1 2 2 2 2 2 1 2 2 2 2 2
 1 2 1 2 2 1 2 2 1 2 2 1 2 2 2 1 1 2 2 2 2 2 2 1 2 2 2 2 2 1 2 2 2 1 2 2 2
 2 1 2 2 2 2 2 2 2 0 2 2 2 2 2 1 2 2 2 2 0 2 2 2 2 2 2 2 2 2 2 2 2 2 2 2 2
 2 2 2 2 2 2 2 2 2 2 2 2 2 2 2 1 2 2 2 0 2 2 2 2 2 2 2 2 2 2 2 1 2 1 2 2 1
 2 2 2 2 2 2 2 2 2 2 1 2 2 2 2 1 2 2 2 2 2 2 1 2 1 1 2 0 2 2 2 2 2 2 2 2 2
 2 1 2 2 2 2 2 2 2 2 0 2 2 2 2 2 1 2 2 2 2 2 2 2 2 2 1 2 2 2 1 2 2 2 2 2 2
 2 2 1]
{'accuracy': 0.680089485458613, 'precision': 0.6873298830745639, 'Recall': 0.6404533003298644, 'F1': 0.6526229693325147, 'AUC': 0.7966012468052872, 'Confusion_matrix': array([[0.48484848, 0.32323232, 0.19191919],
       [0.0738255 , 0.59731544, 0.32885906],
       [0.02512563, 0.13567839, 0.83919598]])}
mcc	 0.4925743725164095
