accuracy   0.6756152125279642
precision   0.44915934352554077
Recall   0.4672899232914924
F1   0.4575992482969227
AUC   0.6970358990004648
Confusion_matrix   [[0.69874477 0.30125523 0.        ]
 [0.296875   0.703125   0.        ]
 [0.625      0.375      0.        ]]
[0 0 0 0 0 1 1 0 1 1 1 0 0 0 1 0 0 1 0 0 0 0 0 1 0 1 1 1 0 1 0 1 0 0 0 0 1
 1 1 0 1 0 1 0 1 0 0 1 1 0 0 1 0 0 0 0 1 0 1 0 0 0 0 0 0 1 1 1 0 1 0 1 0 0
 0 0 0 1 0 0 0 0 0 1 1 0 0 0 0 0 0 1 0 1 0 1 1 0 1 1 0 0 0 0 1 0 0 1 1 0 0
 0 0 1 1 0 0 1 0 0 1 0 0 1 0 0 0 0 0 0 0 0 0 0 0 0 0 0 0 1 0 0 0 0 1 0 0 0
 0 1 0 0 0 1 0 0 1 0 0 1 0 1 0 0 0 0 0 0 1 0 1 0 0 0 0 0 0 1 0 0 0 0 0 0 0
 0 0 1 1 0 0 0 0 0 1 0 1 0 0 0 0 0 0 1 0 1 0 0 0 0 1 0 1 0 0 1 0 0 0 0 0 0
 1 0 0 1 0 0 1 0 1 0 1 0 0 1 1 0 0 1 1 1 1 1 1 1 1 0 1 1 0 0 0 1 1 0 0 1 1
 1 1 1 0 1 1 1 1 1 1 1 1 0 1 1 0 1 1 0 0 1 0 1 1 1 1 0 1 0 1 0 1 1 0 0 1 0
 1 1 1 1 1 1 1 1 0 1 0 1 1 1 1 0 1 1 1 0 1 1 0 1 1 1 1 1 1 1 1 1 1 0 1 1 0
 1 1 1 1 0 0 1 1 0 1 0 1 1 1 1 1 0 1 1 0 0 0 1 1 0 1 1 1 1 1 0 0 1 1 1 1 0
 0 1 1 1 1 1 1 1 1 0 1 0 0 0 1 0 0 1 1 1 1 1 0 1 0 1 0 1 1 0 1 1 1 1 0 1 0
 0 1 0 1 1 1 1 1 0 1 1 0 1 0 1 1 1 1 1 0 0 1 1 1 0 1 0 0 0 1 0 1 0 0 0 1 1
 0 1 0]
{'accuracy': 0.6756152125279642, 'precision': 0.44915934352554077, 'Recall': 0.4672899232914924, 'F1': 0.4575992482969227, 'AUC': 0.6970358990004648, 'Confusion_matrix': array([[0.69874477, 0.30125523, 0.        ],
       [0.296875  , 0.703125  , 0.        ],
       [0.625     , 0.375     , 0.        ]])}
mcc	 0.37210545775687265
