accuracy   0.7628635346756152
precision   0.7609729093952775
Recall   0.7046630505883478
F1   0.722399209948656
AUC   0.8741333197887892
Confusion_matrix   [[0.77922078 0.01948052 0.2012987 ]
 [0.17105263 0.48684211 0.34210526]
 [0.11059908 0.04147465 0.84792627]]
[2 0 2 2 2 2 1 0 2 2 0 2 2 0 2 1 0 2 2 2 0 0 0 2 2 2 1 2 1 0 1 0 2 2 2 2 2
 2 2 2 1 2 1 2 0 0 1 2 0 0 2 2 1 2 2 1 0 2 2 2 2 0 2 2 0 2 0 0 2 2 0 0 0 2
 0 0 0 2 2 2 2 2 0 2 2 2 2 2 2 2 2 2 2 0 0 2 2 2 0 0 0 2 0 0 1 1 2 0 0 0 2
 1 0 0 2 2 2 0 0 0 2 2 0 0 0 2 0 1 0 0 2 2 2 2 2 1 2 2 0 2 2 2 2 0 0 2 2 2
 0 2 0 0 0 2 2 1 0 2 0 0 1 0 2 0 2 0 0 0 2 0 2 2 2 2 1 0 2 2 2 0 2 0 2 0 1
 2 1 0 2 0 0 2 0 0 0 0 2 0 2 2 2 2 1 2 0 2 2 0 1 2 1 2 0 1 0 2 0 0 2 0 2 1
 0 0 2 0 2 1 2 2 2 0 2 2 0 0 2 2 2 0 2 2 2 2 2 0 2 1 2 0 0 0 2 0 0 0 2 2 2
 2 2 1 0 2 0 2 2 0 0 2 0 0 2 2 0 0 2 2 2 2 0 2 0 2 1 0 1 1 2 0 0 0 2 2 0 2
 0 1 2 0 2 0 2 0 0 0 2 0 1 0 0 0 2 2 1 2 2 2 2 2 1 0 1 0 1 0 2 2 0 2 0 0 2
 1 1 2 0 2 0 2 2 2 2 2 2 0 2 2 0 2 1 2 2 0 2 2 2 0 2 1 2 2 2 2 2 0 1 2 2 2
 2 0 2 2 2 2 2 2 2 2 2 0 0 2 2 2 0 2 0 2 0 2 2 1 0 2 2 2 2 0 2 0 2 0 2 2 0
 1 2 2 0 1 2 0 2 1 2 1 0 2 2 2 0 0 2 0 2 0 0 2 2 0 2 2 2 2 0 0 1 1 2 2 0 2
 2 2 2]
{'accuracy': 0.7628635346756152, 'precision': 0.7609729093952775, 'Recall': 0.7046630505883478, 'F1': 0.722399209948656, 'AUC': 0.8741333197887892, 'Confusion_matrix': array([[0.77922078, 0.01948052, 0.2012987 ],
       [0.17105263, 0.48684211, 0.34210526],
       [0.11059908, 0.04147465, 0.84792627]])}
mcc	 0.607590303447799
