accuracy   0.6756152125279642
precision   0.6800342673686487
Recall   0.6201495353294618
F1   0.6229756879725175
AUC   0.7973722248282971
Confusion_matrix   [[0.32323232 0.44444444 0.23232323]
 [0.06040268 0.71812081 0.22147651]
 [0.0201005  0.16080402 0.81909548]]
[1 0 2 2 0 1 2 2 2 2 0 2 2 2 1 2 0 1 2 1 2 0 1 1 1 0 2 1 2 2 2 2 2 2 2 1 1
 2 0 1 2 2 1 2 1 1 1 1 2 1 1 2 0 1 2 1 0 1 2 2 0 2 1 2 2 0 2 2 0 1 2 1 0 2
 2 1 2 2 0 1 2 2 2 2 2 2 1 2 2 2 2 0 1 2 1 1 1 1 2 1 2 2 1 2 2 2 1 1 1 1 1
 1 2 1 0 2 2 2 1 2 1 1 0 2 0 1 2 1 2 2 1 2 1 1 1 2 1 0 2 1 1 2 0 1 1 2 2 2
 0 2 2 2 2 2 2 2 2 1 2 0 1 1 1 2 0 1 2 1 1 1 2 1 1 2 2 1 1 0 1 2 2 2 2 2 1
 2 1 0 2 1 1 2 0 1 2 1 2 2 2 2 2 1 1 1 1 1 2 2 2 1 2 2 2 2 1 1 1 2 2 1 2 1
 2 1 2 1 2 1 2 2 0 1 2 1 2 0 2 2 1 2 2 1 2 2 1 1 1 0 1 2 1 2 2 2 2 1 1 2 1
 1 2 2 2 1 1 0 2 1 2 2 2 1 1 2 1 2 1 1 1 2 1 2 1 2 2 2 2 1 2 2 2 2 2 2 0 1
 1 2 2 2 2 2 2 2 1 1 2 1 2 2 0 2 2 0 2 2 0 1 2 1 1 1 2 1 2 1 1 2 1 1 0 2 1
 1 2 1 1 0 2 0 1 1 2 2 1 1 1 0 2 1 2 2 2 2 2 1 2 1 2 1 2 2 1 0 1 2 2 2 2 1
 1 1 2 0 0 2 2 2 1 1 1 1 2 2 2 2 1 2 2 1 2 2 2 1 2 1 2 1 1 1 1 1 2 2 1 2 2
 2 0 0 1 2 1 2 1 1 1 2 1 1 1 2 2 1 2 1 2 1 1 1 1 0 2 1 0 1 1 2 1 1 1 2 2 1
 1 1 2]
{'accuracy': 0.6756152125279642, 'precision': 0.6800342673686487, 'Recall': 0.6201495353294618, 'F1': 0.6229756879725175, 'AUC': 0.7973722248282971, 'Confusion_matrix': array([[0.32323232, 0.44444444, 0.23232323],
       [0.06040268, 0.71812081, 0.22147651],
       [0.0201005 , 0.16080402, 0.81909548]])}
mcc	 0.4887664067466033
