accuracy   0.8993288590604027
precision   0.5754517018561963
Recall   0.5705869976856722
F1   0.5726468409785003
AUC   0.8251830923827558
Confusion_matrix   [[0.         0.57142857 0.42857143]
 [0.         0.75257732 0.24742268]
 [0.         0.04081633 0.95918367]]
[2 1 2 1 2 2 2 2 2 1 1 2 2 2 1 2 2 2 2 2 2 2 2 2 2 2 2 2 2 2 2 2 2 2 1 2 2
 2 2 1 2 2 2 2 2 2 2 2 1 2 2 2 2 2 2 2 2 2 1 2 2 1 2 2 2 2 2 2 2 2 2 2 2 2
 1 2 1 2 1 2 1 2 1 2 1 2 2 2 2 2 2 2 2 2 2 2 2 2 2 2 2 2 2 2 2 1 2 2 2 2 2
 1 2 2 2 1 2 2 2 2 2 2 1 2 1 2 1 2 2 1 1 2 2 1 1 2 1 2 1 2 2 2 2 2 2 2 1 2
 2 2 2 2 1 2 1 2 1 2 1 2 1 2 2 1 2 2 2 2 2 2 1 1 2 2 1 2 2 1 2 2 2 2 2 2 2
 1 1 2 2 2 2 2 2 2 2 2 2 2 2 2 2 2 2 2 1 1 2 2 2 1 2 2 2 2 2 1 1 2 2 1 2 1
 2 2 2 2 1 2 1 2 2 2 2 2 2 2 1 2 1 2 2 2 2 2 2 2 2 2 2 1 2 2 2 2 2 2 2 2 1
 2 2 1 1 2 2 2 2 2 1 2 2 2 2 2 1 2 2 2 2 2 2 1 2 2 1 2 1 2 2 2 2 2 2 2 2 2
 2 1 2 2 2 2 2 2 2 2 1 2 2 2 2 2 2 2 1 2 2 2 2 2 2 2 2 1 2 2 2 2 2 1 2 2 2
 2 2 2 2 1 1 2 2 2 2 2 1 1 2 2 2 1 1 2 1 2 2 2 2 2 2 2 2 1 2 2 2 2 1 1 2 1
 1 2 2 2 2 2 2 2 2 2 2 2 2 2 2 2 2 2 2 1 2 1 2 2 2 2 2 2 2 2 2 1 2 1 1 1 2
 2 2 1 2 2 2 2 2 2 2 2 1 2 2 1 2 1 2 2 2 2 2 2 2 2 2 1 2 2 2 2 2 2 2 2 2 1
 1 2 2]
{'accuracy': 0.8993288590604027, 'precision': 0.5754517018561963, 'Recall': 0.5705869976856722, 'F1': 0.5726468409785003, 'AUC': 0.8251830923827558, 'Confusion_matrix': array([[0.        , 0.57142857, 0.42857143],
       [0.        , 0.75257732, 0.24742268],
       [0.        , 0.04081633, 0.95918367]])}
mcc	 0.7104293872850663
