accuracy   0.7785234899328859
precision   0.7854497582872928
Recall   0.6890036610878661
F1   0.725152397002263
AUC   0.8915775002905626
Confusion_matrix   [[0.5        0.375      0.125     ]
 [0.0083682  0.83263598 0.15899582]
 [0.         0.265625   0.734375  ]]
[2 1 2 2 2 2 1 1 1 1 1 1 2 2 1 1 1 2 1 2 1 1 1 2 1 2 1 2 2 1 1 1 2 2 2 2 2
 2 2 2 1 1 1 2 2 1 1 2 1 2 2 1 1 1 1 1 2 1 0 1 2 1 1 2 1 1 1 2 1 1 2 1 1 2
 1 2 2 1 1 1 2 2 1 1 1 2 2 1 1 2 2 1 2 2 2 2 1 2 0 1 1 1 1 1 2 1 1 1 1 1 2
 1 0 1 1 2 2 1 1 2 2 2 2 1 1 1 1 1 1 1 2 2 1 1 2 2 2 1 1 2 1 2 1 1 1 2 1 1
 2 2 1 0 2 1 2 1 1 2 1 1 1 2 2 1 2 0 2 1 1 1 2 2 2 1 1 1 2 1 2 1 1 1 2 1 1
 1 1 1 2 2 0 1 2 1 1 1 2 1 1 1 1 2 1 1 1 2 2 1 1 1 1 1 1 1 1 2 2 1 1 1 2 1
 2 1 1 1 2 1 2 1 2 1 1 2 1 1 2 2 2 1 1 1 2 2 1 1 2 2 2 1 1 1 1 1 1 1 1 2 2
 2 2 2 1 2 2 1 1 1 2 2 2 1 1 2 1 2 2 2 2 1 1 2 1 2 1 1 1 2 2 1 0 1 1 2 1 2
 1 1 2 1 1 2 2 2 1 1 2 1 1 2 2 1 1 1 2 1 1 2 1 2 1 2 1 1 1 1 1 1 1 1 2 2 1
 1 2 1 1 0 0 1 2 2 1 2 2 1 2 2 2 1 1 1 2 1 1 2 2 1 1 1 2 2 1 2 1 1 2 1 1 2
 2 1 2 1 1 1 2 2 2 1 1 2 1 1 1 2 1 2 2 1 1 2 2 1 0 2 2 2 1 1 1 1 1 1 2 1 2
 1 1 1 2 1 1 2 1 1 1 1 2 1 1 1 1 1 2 1 1 1 1 2 1 2 2 2 2 1 1 2 2 1 1 2 1 2
 2 2 2]
{'accuracy': 0.7785234899328859, 'precision': 0.7854497582872928, 'Recall': 0.6890036610878661, 'F1': 0.725152397002263, 'AUC': 0.8915775002905626, 'Confusion_matrix': array([[0.5       , 0.375     , 0.125     ],
       [0.0083682 , 0.83263598, 0.15899582],
       [0.        , 0.265625  , 0.734375  ]])}
mcc	 0.5746641225070558
