accuracy   0.7158836689038032
precision   0.710748317160591
Recall   0.6757847804093197
F1   0.686603938854511
AUC   0.8682886157127951
Confusion_matrix   [[0.56603774 0.22641509 0.20754717]
 [0.08955224 0.58208955 0.32835821]
 [0.04830918 0.07246377 0.87922705]]
[0 2 0 2 2 0 0 1 1 1 2 2 0 2 2 0 2 2 2 1 0 1 2 1 2 2 2 2 2 2 1 2 0 2 2 2 1
 0 1 2 0 0 2 2 2 2 1 0 2 2 2 2 0 2 2 2 0 2 2 2 2 1 0 1 0 0 2 2 0 1 1 2 2 2
 2 2 2 1 2 2 0 2 2 2 2 1 2 2 2 1 1 0 2 2 0 2 2 0 2 2 2 2 2 2 0 1 2 2 0 2 2
 2 0 2 2 2 2 1 1 1 0 0 1 2 0 1 2 1 0 0 0 1 2 2 2 2 2 1 1 1 2 2 1 0 2 1 2 0
 2 2 0 1 2 1 2 2 2 2 2 0 2 2 2 0 0 1 2 1 2 2 0 2 2 1 2 1 2 2 1 2 2 2 0 1 1
 1 2 2 2 2 2 2 2 1 0 2 2 1 1 0 2 0 2 2 2 1 1 2 2 2 0 1 2 2 1 1 2 2 1 2 1 0
 2 2 2 1 1 2 2 2 2 1 0 2 2 1 2 1 2 2 0 2 2 1 0 2 2 1 2 0 1 1 0 0 1 2 2 2 2
 2 1 2 2 2 0 0 1 2 0 1 0 2 1 1 2 2 1 2 2 2 1 1 1 0 2 2 2 2 2 1 1 2 2 2 2 0
 1 2 0 1 2 0 0 2 1 0 2 2 1 2 0 2 2 1 0 2 1 2 2 1 2 1 1 1 1 1 1 2 1 2 0 0 1
 1 2 2 2 2 2 2 2 0 2 0 1 1 0 1 2 2 2 0 1 0 1 2 2 2 2 2 2 2 1 2 2 2 2 2 2 2
 2 0 2 0 2 2 1 2 1 2 2 2 1 2 0 2 2 2 2 2 2 2 0 2 2 2 2 0 2 2 2 1 2 0 2 0 2
 0 1 0 1 1 1 2 2 2 1 2 1 1 1 2 2 2 1 0 0 1 1 1 1 2 2 0 2 0 2 1 1 1 2 1 1 2
 1 2 2]
{'accuracy': 0.7158836689038032, 'precision': 0.710748317160591, 'Recall': 0.6757847804093197, 'F1': 0.686603938854511, 'AUC': 0.8682886157127951, 'Confusion_matrix': array([[0.56603774, 0.22641509, 0.20754717],
       [0.08955224, 0.58208955, 0.32835821],
       [0.04830918, 0.07246377, 0.87922705]])}
mcc	 0.5486320802746992
