accuracy   0.7002237136465325
precision   0.6942898910456642
Recall   0.6564005693889499
F1   0.6669739856466737
AUC   0.8362384935227244
Confusion_matrix   [[0.53773585 0.18867925 0.27358491]
 [0.1119403  0.55223881 0.3358209 ]
 [0.0531401  0.06763285 0.87922705]]
[0 2 0 2 2 1 0 1 1 1 2 2 0 0 2 0 2 2 2 1 0 1 2 1 2 2 2 2 2 2 0 2 0 2 2 2 1
 0 1 2 0 0 2 2 2 2 1 2 1 2 2 2 0 2 2 2 0 2 2 2 2 1 2 1 2 0 2 2 0 1 1 2 2 2
 2 2 2 1 2 2 0 2 2 2 2 2 2 2 2 1 1 0 2 2 0 2 2 0 2 2 2 2 2 2 0 1 2 2 0 2 2
 2 0 2 2 2 2 1 1 1 2 0 1 2 2 1 2 1 0 0 0 1 2 2 2 2 2 0 1 1 2 2 1 0 2 1 2 0
 2 2 0 1 2 1 2 2 2 2 1 0 2 1 2 1 0 1 2 1 2 2 0 2 2 1 2 1 2 2 0 2 2 2 0 1 1
 1 2 2 2 2 2 2 2 1 0 2 2 1 1 0 2 0 2 2 2 1 2 2 2 2 0 1 2 2 2 1 2 2 1 2 1 0
 2 2 2 2 1 2 2 2 2 1 0 2 2 1 2 1 2 2 0 2 2 1 0 2 2 1 2 0 1 1 0 0 1 2 2 2 2
 0 1 2 2 2 0 0 0 2 0 1 0 2 1 1 2 2 1 2 2 2 1 1 2 0 2 2 2 2 2 1 1 2 2 2 2 2
 1 2 0 1 2 0 0 2 1 0 2 2 1 2 0 2 2 1 2 2 1 0 2 1 2 1 0 1 1 1 1 2 1 2 0 0 1
 1 2 0 2 2 2 2 2 0 2 1 1 1 0 1 2 2 2 0 1 0 1 2 2 2 2 2 2 2 1 2 2 2 2 2 2 2
 2 0 2 0 2 2 1 2 0 2 2 2 1 2 0 2 2 2 2 2 2 2 0 2 2 2 2 0 2 2 2 1 2 0 2 0 2
 1 1 0 1 0 1 2 0 2 1 2 1 1 1 2 2 2 1 0 2 1 1 1 1 2 2 0 2 0 2 1 2 1 2 2 0 2
 2 2 2]
{'accuracy': 0.7002237136465325, 'precision': 0.6942898910456642, 'Recall': 0.6564005693889499, 'F1': 0.6669739856466737, 'AUC': 0.8362384935227244, 'Confusion_matrix': array([[0.53773585, 0.18867925, 0.27358491],
       [0.1119403 , 0.55223881, 0.3358209 ],
       [0.0531401 , 0.06763285, 0.87922705]])}
mcc	 0.5234513496896708
