accuracy   0.6823266219239373
precision   0.6799146559208479
Recall   0.5873830470604664
F1   0.5980527875089551
AUC   0.7732707606889028
Confusion_matrix   [[0.66883117 0.01298701 0.31818182]
 [0.30263158 0.25       0.44736842]
 [0.12442396 0.03225806 0.84331797]]
[2 0 2 2 2 2 1 0 2 2 0 2 2 0 2 0 0 2 2 2 0 0 0 2 2 2 1 2 2 2 1 2 2 2 2 2 2
 2 2 2 1 2 0 2 0 0 2 2 2 0 2 2 2 2 2 2 0 2 0 2 2 0 2 2 0 2 0 0 2 2 2 0 0 2
 0 0 0 2 2 2 2 2 0 2 2 2 2 2 2 2 2 2 2 0 0 2 2 2 0 0 0 2 0 0 2 1 2 2 0 0 2
 2 0 0 2 2 2 0 0 0 2 2 0 0 0 2 0 0 0 0 2 2 2 0 2 0 0 2 0 1 2 2 2 0 0 2 2 2
 0 2 0 0 0 2 2 2 0 2 0 0 2 0 2 0 1 0 0 0 2 0 2 2 2 2 1 0 2 2 2 0 2 0 2 0 1
 2 2 0 2 0 0 2 0 0 0 0 2 0 0 2 2 2 1 2 0 2 1 0 1 2 1 2 0 1 2 2 0 0 2 2 1 2
 0 0 2 0 2 2 2 2 2 0 2 2 2 0 2 2 2 0 2 2 2 2 2 0 2 2 2 2 2 0 2 0 2 0 1 2 2
 2 2 0 0 2 2 2 2 0 0 0 0 0 2 2 0 0 2 2 2 2 0 2 0 2 2 2 1 1 2 0 0 0 2 2 0 2
 2 1 2 2 2 0 2 0 0 0 2 0 1 2 0 0 2 2 1 2 2 2 2 2 2 0 1 0 1 0 2 2 0 1 0 0 2
 2 2 2 0 2 0 2 2 2 2 0 2 0 2 2 2 2 0 2 2 0 2 2 2 0 2 0 2 2 2 2 2 0 2 2 2 2
 1 0 0 2 2 2 2 2 2 2 2 0 0 2 2 2 2 2 0 2 0 2 2 0 0 2 2 2 2 0 2 0 2 2 0 2 0
 0 2 2 0 2 2 2 2 1 2 1 0 2 2 2 0 0 2 0 2 0 0 2 2 2 1 2 2 2 2 0 2 2 2 2 0 2
 2 2 0]
{'accuracy': 0.6823266219239373, 'precision': 0.6799146559208479, 'Recall': 0.5873830470604664, 'F1': 0.5980527875089551, 'AUC': 0.7732707606889028, 'Confusion_matrix': array([[0.66883117, 0.01298701, 0.31818182],
       [0.30263158, 0.25      , 0.44736842],
       [0.12442396, 0.03225806, 0.84331797]])}
mcc	 0.4655698286882425
