accuracy   0.7404921700223713
precision   0.7243186582809225
Recall   0.7076408640268207
F1   0.7132657216456099
AUC   0.8675113528912727
Confusion_matrix   [[0.55555556 0.34343434 0.1010101 ]
 [0.08724832 0.71812081 0.19463087]
 [0.06030151 0.09045226 0.84924623]]
[1 1 2 2 0 1 2 2 2 2 0 2 2 0 1 2 0 1 2 0 2 0 1 1 0 0 2 0 2 2 2 2 2 2 2 1 1
 2 0 1 2 2 1 2 1 1 1 1 0 1 1 2 0 1 2 1 0 1 2 2 0 2 1 2 2 0 2 2 0 1 0 2 0 2
 2 1 2 2 0 1 2 2 2 2 2 2 0 2 0 2 2 0 1 2 1 1 1 1 2 0 2 2 1 2 2 2 1 1 1 1 1
 1 2 1 0 2 2 2 1 2 1 1 0 2 0 0 2 1 2 0 0 2 0 1 1 0 1 0 2 1 1 0 0 1 0 2 2 2
 0 1 2 2 2 2 2 2 1 1 2 0 1 1 1 2 0 1 2 1 1 1 2 1 1 2 2 1 1 0 1 2 2 2 2 2 0
 2 1 0 1 1 0 2 0 1 2 2 2 2 2 2 2 1 1 1 1 1 2 0 0 1 2 2 2 2 1 0 1 2 2 1 2 0
 2 1 2 1 2 1 2 2 1 1 2 0 1 0 2 2 1 2 2 1 0 2 1 1 2 0 1 2 1 2 2 2 2 1 1 2 1
 2 2 2 2 1 1 0 2 1 2 2 2 1 1 2 1 2 1 1 1 0 1 2 1 2 2 2 2 1 2 2 0 2 2 2 0 1
 1 2 2 2 2 2 2 2 1 1 2 1 2 2 0 2 2 0 2 2 1 0 2 1 0 0 2 1 2 0 1 2 0 1 0 2 1
 1 2 1 2 0 2 0 1 1 1 2 1 1 1 0 2 1 2 2 2 2 2 1 2 2 0 2 2 2 1 0 2 2 2 2 2 1
 0 1 2 0 0 2 2 2 1 1 1 1 2 2 0 2 0 2 2 1 0 2 2 1 2 1 2 1 1 1 1 1 2 2 1 2 2
 2 1 0 0 2 1 2 1 1 1 2 2 1 1 2 2 1 2 1 0 1 1 1 1 0 2 1 2 1 2 2 1 1 1 2 2 1
 1 0 0]
{'accuracy': 0.7404921700223713, 'precision': 0.7243186582809225, 'Recall': 0.7076408640268207, 'F1': 0.7132657216456099, 'AUC': 0.8675113528912727, 'Confusion_matrix': array([[0.55555556, 0.34343434, 0.1010101 ],
       [0.08724832, 0.71812081, 0.19463087],
       [0.06030151, 0.09045226, 0.84924623]])}
mcc	 0.5924095042418372
