accuracy   0.7785234899328859
precision   0.7968646745290983
Recall   0.6072724261994008
F1   0.6431324613075023
AUC   0.7999290767039039
Confusion_matrix   [[0.72677596 0.         0.27322404]
 [0.27272727 0.22727273 0.5       ]
 [0.12809917 0.00413223 0.8677686 ]]
[2 2 2 2 0 0 2 2 0 2 0 0 0 2 0 2 0 2 2 0 0 0 0 2 0 2 2 2 2 0 2 2 2 2 0 2 2
 0 0 2 2 2 2 2 2 2 0 2 2 2 2 2 0 2 0 2 2 0 2 2 0 2 0 2 0 2 2 2 0 1 2 0 2 0
 0 2 2 0 2 0 0 0 2 2 2 0 2 2 0 2 2 0 0 2 2 0 2 2 2 0 0 0 2 0 0 2 2 2 2 2 0
 2 2 0 0 2 2 2 2 0 2 0 0 0 2 2 2 0 2 0 0 2 0 0 2 0 0 2 2 2 0 0 2 2 2 0 0 2
 0 0 0 2 2 0 0 2 2 0 2 2 2 2 0 0 0 0 2 0 2 0 2 0 0 2 2 0 2 0 1 2 2 0 2 2 2
 0 0 0 0 2 2 2 2 0 0 0 2 2 0 2 0 2 2 2 2 0 0 0 2 2 0 0 0 2 2 0 0 0 2 0 2 2
 0 2 2 0 0 2 0 2 2 2 2 2 2 2 2 2 0 2 2 2 0 2 2 0 2 0 2 0 0 2 0 0 2 2 0 0 2
 2 2 2 2 0 0 1 2 2 2 0 2 2 0 2 2 2 0 2 2 2 2 2 0 2 2 0 1 0 2 0 2 0 2 0 0 2
 2 2 0 0 2 2 2 2 2 2 2 2 2 0 0 2 2 0 2 2 2 2 2 2 2 2 2 2 0 2 2 0 2 2 0 2 2
 2 2 2 2 2 0 2 0 0 0 2 0 2 2 0 2 2 2 2 2 2 2 0 0 2 2 0 0 2 2 2 2 2 2 2 0 2
 1 2 0 2 2 0 0 2 2 2 2 2 2 0 0 2 2 2 0 0 0 0 0 2 0 0 0 2 2 2 2 0 2 0 2 2 2
 2 0 2 0 2 2 2 2 0 2 2 2 1 0 0 0 2 2 0 2 0 0 2 0 2 0 0 2 2 2 2 0 2 2 2 2 2
 0 2 2]
{'accuracy': 0.7785234899328859, 'precision': 0.7968646745290983, 'Recall': 0.6072724261994008, 'F1': 0.6431324613075023, 'AUC': 0.7999290767039039, 'Confusion_matrix': array([[0.72677596, 0.        , 0.27322404],
       [0.27272727, 0.22727273, 0.5       ],
       [0.12809917, 0.00413223, 0.8677686 ]])}
mcc	 0.5744877764435269
