accuracy   0.7762863534675615
precision   0.7707815734989648
Recall   0.710065118808752
F1   0.727285450655971
AUC   0.8793401602036092
Confusion_matrix   [[0.7987013  0.01948052 0.18181818]
 [0.23684211 0.46052632 0.30263158]
 [0.0921659  0.03686636 0.87096774]]
[2 0 2 2 2 2 1 0 2 2 0 2 2 0 2 1 0 2 2 2 0 0 0 2 2 2 1 2 2 0 1 0 2 2 2 2 2
 2 2 2 1 2 1 2 0 0 1 2 2 0 2 2 1 2 2 1 0 2 0 2 2 0 2 1 0 2 0 0 2 2 2 0 0 2
 0 0 0 2 2 2 2 2 0 2 2 1 2 2 2 2 2 2 2 0 0 2 1 2 0 0 0 2 0 0 1 1 2 0 0 0 2
 1 0 0 2 2 2 0 0 0 2 2 0 0 0 2 0 1 0 0 0 2 2 2 2 0 2 2 0 1 2 2 2 0 0 2 2 2
 0 2 0 0 2 2 2 1 0 2 0 0 1 0 2 0 2 0 0 0 2 0 2 2 2 2 1 0 2 2 1 0 2 0 2 0 1
 2 1 0 2 0 0 2 0 0 2 0 2 0 2 2 2 2 2 2 0 2 2 0 1 2 1 2 0 1 0 2 0 0 2 0 2 1
 0 0 0 0 2 1 2 2 2 0 2 2 0 0 2 2 2 0 2 2 2 2 2 0 2 2 2 0 0 2 2 0 0 0 2 2 2
 2 2 0 0 2 0 2 2 0 0 2 0 0 0 2 0 0 2 2 2 2 0 2 2 2 1 0 1 1 2 0 0 0 2 2 0 2
 0 1 2 0 2 0 2 0 0 0 2 0 1 2 0 0 2 2 1 2 2 2 2 2 2 0 1 0 1 0 2 2 0 2 0 0 2
 1 2 2 0 2 0 2 2 2 2 2 2 0 2 2 0 2 1 2 2 0 0 2 2 0 2 0 2 2 2 2 2 0 2 2 2 2
 2 0 2 2 1 2 2 2 2 2 2 0 0 2 2 2 0 2 0 2 0 2 2 0 0 2 2 2 2 0 2 0 2 0 0 2 0
 0 2 2 0 1 2 0 2 1 2 1 0 2 2 2 0 0 2 0 2 0 0 2 2 0 1 2 2 2 0 0 1 1 1 2 0 2
 2 2 2]
{'accuracy': 0.7762863534675615, 'precision': 0.7707815734989648, 'Recall': 0.710065118808752, 'F1': 0.727285450655971, 'AUC': 0.8793401602036092, 'Confusion_matrix': array([[0.7987013 , 0.01948052, 0.18181818],
       [0.23684211, 0.46052632, 0.30263158],
       [0.0921659 , 0.03686636, 0.87096774]])}
mcc	 0.6301047860358373
