accuracy   0.6733780760626398
precision   0.6410074670944236
Recall   0.5754948220992363
F1   0.5778218946694104
AUC   0.7541781375306721
Confusion_matrix   [[0.72727273 0.00649351 0.26623377]
 [0.22368421 0.19736842 0.57894737]
 [0.14746544 0.05069124 0.80184332]]
[0 2 2 0 0 0 0 2 0 2 2 0 0 0 0 0 0 2 0 2 2 2 0 2 0 0 0 2 0 2 2 0 0 0 0 0 0
 0 0 1 2 2 2 0 2 0 0 0 0 0 0 0 0 0 0 0 0 0 0 0 2 0 2 0 0 0 0 0 2 0 2 2 0 2
 0 0 0 0 0 0 2 0 0 0 0 0 0 0 0 2 2 0 0 0 0 0 2 0 2 0 2 2 2 0 0 0 0 0 0 0 0
 0 0 0 0 0 0 2 2 0 0 0 0 2 0 0 0 0 0 0 2 0 0 0 0 2 2 2 0 0 2 2 0 0 0 0 2 0
 0 0 0 0 0 0 2 0 2 2 2 1 2 2 2 2 0 2 2 2 2 2 1 1 2 1 0 0 1 2 2 2 0 1 2 2 2
 2 0 2 0 2 2 2 1 2 2 2 0 2 2 2 1 2 2 2 0 1 0 2 2 0 2 0 1 2 0 0 1 2 1 0 1 1
 2 0 2 2 0 2 2 1 2 2 2 2 2 2 1 2 2 0 2 2 2 2 2 2 2 2 0 2 2 2 2 2 2 2 2 0 2
 0 2 0 2 2 2 2 2 2 0 0 2 2 2 2 0 2 2 2 2 2 2 2 2 0 2 2 2 2 2 2 0 2 1 1 2 2
 2 2 2 0 2 0 2 2 2 0 0 2 1 2 2 2 2 2 2 2 2 2 2 2 2 2 2 2 2 2 2 2 2 2 0 2 2
 2 0 2 2 0 2 2 2 2 2 2 2 2 2 1 2 2 2 2 2 0 0 2 2 2 0 2 2 2 2 0 2 2 2 2 2 2
 2 1 2 0 2 2 2 2 2 1 2 2 1 2 2 0 2 2 1 2 2 2 2 2 0 2 2 0 0 2 2 2 2 2 0 2 2
 1 2 2 2 0 2 2 2 2 2 2 2 2 2 2 2 2 2 2 2 2 0 2 2 0 2 2 2 2 2 0 2 1 2 2 2 2
 0 2 2]
{'accuracy': 0.6733780760626398, 'precision': 0.6410074670944236, 'Recall': 0.5754948220992363, 'F1': 0.5778218946694104, 'AUC': 0.7541781375306721, 'Confusion_matrix': array([[0.72727273, 0.00649351, 0.26623377],
       [0.22368421, 0.19736842, 0.57894737],
       [0.14746544, 0.05069124, 0.80184332]])}
mcc	 0.4504255333756669
