accuracy   0.7695749440715883
precision   0.7547383393088589
Recall   0.6004305348567643
F1   0.6336856440205342
AUC   0.8297562058739406
Confusion_matrix   [[0.71038251 0.         0.28961749]
 [0.13636364 0.22727273 0.63636364]
 [0.12809917 0.00826446 0.86363636]]
[2 2 2 2 0 0 2 2 0 2 0 0 0 2 0 2 0 2 2 0 0 0 0 2 0 0 2 2 2 0 2 2 2 2 0 0 2
 0 0 2 2 2 2 2 2 2 2 2 2 0 2 2 0 2 0 2 2 0 2 2 0 2 2 2 0 2 2 2 2 1 2 0 2 0
 0 2 2 0 2 0 0 0 2 2 2 0 2 2 0 2 2 2 0 2 2 0 2 2 2 0 2 0 2 2 0 2 2 2 0 2 2
 2 2 0 2 2 2 2 2 0 2 0 0 0 2 2 2 0 2 2 0 2 0 0 2 0 0 2 2 2 0 0 0 2 2 0 0 2
 0 0 2 2 2 0 2 2 2 0 2 2 0 2 0 0 0 0 0 0 2 0 2 0 0 2 2 0 0 0 1 2 2 2 2 2 2
 0 0 0 0 2 2 2 2 0 0 0 2 2 0 2 2 2 2 2 2 0 0 2 2 2 0 0 2 2 2 0 0 0 2 0 2 2
 0 1 2 0 0 2 0 2 2 2 0 0 2 2 2 2 0 0 2 2 0 2 2 0 2 0 2 0 0 2 0 0 2 2 0 2 2
 2 2 2 2 0 0 1 2 2 2 0 2 2 0 2 0 2 0 2 2 2 2 2 0 2 2 2 1 0 2 0 2 0 2 0 0 2
 2 2 0 0 2 2 2 2 2 2 2 2 2 0 0 2 2 0 2 2 2 2 2 2 2 2 2 0 0 2 2 0 2 2 0 2 2
 0 2 2 2 2 0 2 0 0 0 2 0 2 2 0 2 2 2 2 2 2 2 0 0 2 2 0 2 2 2 2 2 2 2 2 0 2
 1 2 0 2 2 0 0 2 2 2 2 2 2 0 0 0 2 2 2 2 0 0 0 2 0 0 2 2 2 2 2 0 2 0 2 2 2
 2 0 2 0 2 2 2 2 0 2 2 2 1 0 0 0 2 2 0 2 2 0 0 0 2 0 0 2 2 2 2 0 2 2 2 2 2
 0 2 2]
{'accuracy': 0.7695749440715883, 'precision': 0.7547383393088589, 'Recall': 0.6004305348567643, 'F1': 0.6336856440205342, 'AUC': 0.8297562058739406, 'Confusion_matrix': array([[0.71038251, 0.        , 0.28961749],
       [0.13636364, 0.22727273, 0.63636364],
       [0.12809917, 0.00826446, 0.86363636]])}
mcc	 0.5578215806170492
