accuracy   0.6957494407158836
precision   0.7281395010092182
Recall   0.5558897024639703
F1   0.5938956307808766
AUC   0.8010575114045793
Confusion_matrix   [[0.74058577 0.25941423 0.        ]
 [0.31770833 0.67708333 0.00520833]
 [0.6875     0.0625     0.25      ]]
[0 0 1 1 1 0 0 1 0 1 1 1 1 1 0 0 0 1 2 0 0 0 0 1 0 0 0 1 1 1 1 0 0 0 1 1 0
 0 1 0 1 1 0 1 1 0 1 0 0 1 1 1 1 1 1 1 1 1 1 0 1 0 1 0 0 0 0 1 0 0 1 0 0 1
 1 1 0 0 0 0 0 0 1 1 1 0 0 1 0 0 0 0 0 1 1 1 1 0 1 0 1 1 0 1 0 0 0 1 0 1 1
 0 0 0 1 0 0 1 1 1 0 1 0 0 0 1 0 0 0 0 0 0 0 0 0 0 0 0 1 1 1 0 1 0 0 1 0 1
 0 2 1 0 0 0 1 2 1 0 0 1 1 0 1 1 0 0 0 0 1 1 0 0 1 1 0 1 0 1 0 1 0 0 0 1 0
 0 0 1 0 1 0 1 1 0 0 0 1 0 0 0 1 1 0 0 1 1 0 1 0 0 0 0 0 1 0 1 0 1 0 1 0 0
 0 0 0 0 0 0 1 0 0 0 0 1 1 0 1 0 1 1 1 1 1 1 0 0 0 0 1 1 0 1 0 1 0 1 0 1 1
 1 0 1 1 1 1 0 1 1 0 1 1 0 1 1 1 0 0 1 1 0 0 1 0 1 1 1 1 0 1 0 1 1 1 1 0 0
 1 0 0 1 0 0 1 0 0 1 0 0 1 0 1 0 1 1 0 0 0 0 1 1 1 0 1 0 1 0 0 1 0 0 0 1 0
 1 1 2 0 0 1 1 0 1 0 0 1 0 1 1 1 0 0 0 0 0 1 1 1 0 1 0 1 0 1 0 1 1 1 1 1 0
 0 0 0 0 1 0 0 0 1 1 0 0 0 1 1 0 1 1 0 0 0 0 0 0 1 0 1 0 1 0 0 0 1 0 0 0 0
 0 0 0 0 0 0 0 0 0 1 0 2 1 0 1 0 0 0 0 1 0 0 1 1 0 0 1 0 1 0 0 1 0 1 0 0 0
 0 0 0]
{'accuracy': 0.6957494407158836, 'precision': 0.7281395010092182, 'Recall': 0.5558897024639703, 'F1': 0.5938956307808766, 'AUC': 0.8010575114045793, 'Confusion_matrix': array([[0.74058577, 0.25941423, 0.        ],
       [0.31770833, 0.67708333, 0.00520833],
       [0.6875    , 0.0625    , 0.25      ]])}
mcc	 0.4112783380120564
