accuracy   0.7427293064876958
precision   0.7603822908170734
Recall   0.5879096931659693
F1   0.6259065177828381
AUC   0.8053269645658995
Confusion_matrix   [[0.79497908 0.20502092 0.        ]
 [0.27604167 0.71875    0.00520833]
 [0.625      0.125      0.25      ]]
[1 0 1 1 1 0 0 1 0 0 1 1 1 0 1 0 0 0 2 0 0 0 0 1 1 0 0 1 0 1 1 0 0 0 0 1 0
 0 1 0 1 1 0 1 0 0 0 0 0 1 1 1 1 1 1 1 1 1 0 0 1 0 1 0 0 0 0 0 0 0 1 0 0 1
 1 1 0 0 0 0 0 0 1 1 1 0 0 1 0 1 0 0 0 0 1 1 1 0 1 1 1 1 0 1 0 0 1 1 0 1 1
 0 1 0 1 1 0 1 1 1 0 1 0 0 0 0 0 0 0 0 0 0 1 0 0 1 0 0 1 1 1 1 1 0 0 1 0 0
 0 2 1 0 0 0 1 2 1 0 0 1 1 0 1 1 1 0 0 0 1 1 0 0 1 1 0 1 0 1 0 1 0 0 0 1 0
 0 0 1 0 1 0 1 1 0 0 0 1 0 0 0 1 1 0 0 1 1 0 1 0 0 0 0 0 1 0 1 0 1 0 1 0 0
 0 0 0 0 0 0 1 0 0 0 0 1 1 0 1 0 1 1 1 1 1 1 0 0 1 0 0 1 0 0 0 1 0 1 1 1 1
 1 0 0 1 1 1 0 0 1 0 1 1 0 1 1 1 0 0 1 1 0 0 1 0 1 1 1 1 0 1 0 1 1 1 1 0 0
 1 0 1 1 0 0 1 0 0 1 0 1 1 0 1 0 0 1 0 0 0 1 1 1 0 0 1 0 0 0 1 1 0 0 0 1 0
 1 1 2 0 0 1 1 0 1 0 0 1 0 1 0 1 0 0 0 0 0 1 1 0 0 1 0 1 0 1 0 1 1 1 1 1 0
 0 0 0 0 1 0 0 0 1 1 0 0 0 1 1 0 1 1 0 0 0 0 0 0 1 0 1 0 1 0 0 0 1 0 0 0 0
 0 0 0 0 0 0 0 0 0 1 0 2 1 0 0 0 0 0 0 0 0 0 1 1 0 0 1 0 1 0 0 1 0 1 0 0 1
 0 0 0]
{'accuracy': 0.7427293064876958, 'precision': 0.7603822908170734, 'Recall': 0.5879096931659693, 'F1': 0.6259065177828381, 'AUC': 0.8053269645658995, 'Confusion_matrix': array([[0.79497908, 0.20502092, 0.        ],
       [0.27604167, 0.71875   , 0.00520833],
       [0.625     , 0.125     , 0.25      ]])}
mcc	 0.5017707429836483
