accuracy   0.7293064876957495
precision   0.6988016667960762
Recall   0.6522023533908085
F1   0.6637481407159013
AUC   0.8401410417539449
Confusion_matrix   [[0.74025974 0.03896104 0.22077922]
 [0.30263158 0.36842105 0.32894737]
 [0.10138249 0.05069124 0.84792627]]
[2 0 2 2 2 2 1 0 2 1 0 2 2 0 2 0 0 2 2 2 0 0 0 2 2 2 1 2 2 0 1 0 2 2 2 2 2
 2 2 2 1 2 0 2 0 0 1 2 2 0 2 2 1 2 2 1 0 2 2 2 2 0 2 1 0 2 0 0 2 2 2 0 0 2
 0 1 0 2 2 2 2 2 0 2 2 2 2 2 2 2 2 2 2 0 0 2 1 2 0 0 0 2 0 0 1 1 2 2 0 0 2
 1 0 0 2 2 2 0 0 0 2 2 0 0 0 2 0 0 0 0 2 2 2 2 2 0 2 1 0 1 2 2 2 0 0 2 2 2
 0 2 0 0 0 2 2 1 0 2 0 0 1 0 2 0 2 0 0 0 2 0 2 2 2 2 1 0 2 2 1 0 2 0 2 0 1
 2 1 0 2 0 0 2 0 0 0 0 2 0 2 2 2 2 2 2 0 2 2 0 1 2 1 2 0 1 0 2 0 0 2 0 2 1
 0 0 2 0 2 2 2 2 2 0 2 2 2 0 2 2 2 0 2 2 2 2 2 0 2 2 2 2 0 0 2 0 0 0 2 2 2
 2 2 0 0 2 1 2 2 0 0 2 0 0 0 2 0 0 2 2 2 2 0 2 0 2 1 0 1 1 2 0 0 1 2 2 0 2
 2 1 2 0 2 0 2 0 0 0 2 0 1 2 0 0 2 2 1 2 2 2 2 2 2 0 1 0 1 0 2 2 0 1 0 0 2
 2 2 2 0 2 0 2 2 2 2 2 2 0 1 2 0 2 0 2 2 0 0 2 2 0 2 0 2 2 2 2 2 0 1 2 2 2
 2 0 2 2 1 2 2 2 2 2 2 0 0 2 2 2 0 2 0 2 0 2 2 0 0 2 2 2 2 0 2 0 2 2 0 2 0
 0 2 2 0 0 2 2 2 1 2 1 0 2 2 2 0 0 2 0 2 0 0 2 2 0 1 2 2 2 0 0 1 0 1 2 0 2
 2 2 2]
{'accuracy': 0.7293064876957495, 'precision': 0.6988016667960762, 'Recall': 0.6522023533908085, 'F1': 0.6637481407159013, 'AUC': 0.8401410417539449, 'Confusion_matrix': array([[0.74025974, 0.03896104, 0.22077922],
       [0.30263158, 0.36842105, 0.32894737],
       [0.10138249, 0.05069124, 0.84792627]])}
mcc	 0.5504480063664614
