accuracy   0.9284116331096197
precision   0.9321700833432082
Recall   0.6986965625720097
F1   0.7492790357009254
AUC   0.8907120601238602
Confusion_matrix   [[0.28571429 0.42857143 0.28571429]
 [0.         0.84536082 0.15463918]
 [0.         0.03498542 0.96501458]]
[2 1 2 1 2 2 2 2 2 1 1 2 2 2 1 2 2 2 2 2 2 2 2 2 2 2 2 2 2 2 1 2 1 2 1 2 2
 2 2 1 2 2 2 2 2 2 2 2 1 2 2 2 2 2 2 2 2 2 1 2 2 1 2 2 2 2 2 2 2 2 2 2 2 2
 2 2 1 2 1 2 1 2 1 2 1 2 2 2 2 2 2 2 2 2 2 2 2 2 2 2 2 1 2 2 2 1 2 2 2 2 2
 1 2 2 2 1 2 2 2 2 1 2 1 2 1 2 1 2 2 1 1 2 2 1 1 2 1 2 1 2 2 2 2 2 2 2 1 2
 2 2 2 1 1 2 0 2 1 2 1 2 1 2 2 1 2 2 2 2 2 2 1 1 2 2 1 2 2 1 2 2 2 2 2 2 2
 1 1 2 2 2 2 2 2 2 2 1 2 2 2 2 2 0 2 2 1 1 2 2 2 1 2 2 2 2 2 1 1 2 2 1 2 1
 2 2 2 2 1 2 1 2 2 2 2 2 2 1 1 2 1 2 2 2 2 2 2 2 2 2 2 1 2 2 2 2 2 2 2 2 1
 2 2 1 1 2 2 2 2 2 1 2 2 2 2 2 1 2 2 2 2 2 2 1 2 2 1 2 1 2 2 2 2 2 2 2 2 2
 2 1 2 2 2 2 2 1 2 2 1 2 2 2 2 1 2 2 1 2 2 2 2 2 2 2 2 1 2 2 2 2 2 1 2 2 2
 2 2 2 2 1 1 2 2 2 2 2 1 1 2 2 2 1 1 2 1 2 2 2 2 2 2 2 2 1 2 2 2 2 1 1 2 1
 1 2 2 2 2 2 2 2 2 2 2 2 2 2 2 2 2 2 2 2 2 2 2 2 2 2 2 2 2 2 2 1 2 1 1 1 2
 2 2 1 2 2 2 2 2 2 2 2 1 2 2 1 2 1 2 2 2 2 2 2 2 2 2 1 2 2 2 2 2 2 2 2 2 1
 1 2 1]
{'accuracy': 0.9284116331096197, 'precision': 0.9321700833432082, 'Recall': 0.6986965625720097, 'F1': 0.7492790357009254, 'AUC': 0.8907120601238602, 'Confusion_matrix': array([[0.28571429, 0.42857143, 0.28571429],
       [0.        , 0.84536082, 0.15463918],
       [0.        , 0.03498542, 0.96501458]])}
mcc	 0.7991092922492969
