accuracy   0.6823266219239373
precision   0.7851661709380814
Recall   0.5086442352394235
F1   0.5333210076770116
AUC   0.6873944440812413
Confusion_matrix   [[0.125      0.5        0.375     ]
 [0.         0.72384937 0.27615063]
 [0.         0.32291667 0.67708333]]
[1 2 1 1 0 2 1 2 1 1 1 2 2 1 2 0 1 1 1 1 1 2 2 1 2 2 2 1 1 2 2 1 1 2 1 1 1
 1 1 2 1 2 1 2 2 2 1 2 1 1 1 1 2 2 2 1 2 1 2 1 1 1 1 2 2 1 1 2 1 1 1 1 2 2
 2 1 1 1 1 1 1 2 1 1 1 2 1 2 1 1 1 1 1 2 1 1 1 1 1 2 1 1 1 1 1 1 1 2 1 1 1
 1 2 1 2 2 1 1 1 1 2 1 1 2 2 1 1 1 1 2 1 1 1 2 1 1 2 1 1 2 1 1 1 1 1 1 1 1
 1 1 1 2 1 1 1 2 1 1 1 1 2 1 1 1 1 2 1 1 1 1 1 1 2 1 1 2 1 2 1 1 1 2 1 1 2
 1 2 1 1 1 1 1 1 2 1 1 1 1 1 1 1 1 1 1 2 1 1 1 1 1 1 1 2 1 1 1 1 1 1 2 1 2
 2 1 1 1 2 1 2 1 1 1 1 1 1 2 1 1 2 1 1 2 1 1 2 1 2 1 1 1 1 2 2 1 1 2 2 2 2
 2 2 2 2 2 2 1 1 1 1 2 1 1 1 2 2 2 2 2 1 2 2 2 2 2 2 2 2 1 2 2 1 2 2 1 1 2
 1 2 2 2 2 1 2 1 2 2 2 2 1 1 2 2 2 2 2 2 2 2 2 2 1 2 1 2 2 2 2 1 1 2 2 1 2
 2 1 2 2 2 2 2 2 2 2 2 2 1 2 2 1 2 2 2 2 1 1 1 2 1 1 1 2 2 2 2 2 1 2 2 1 1
 1 2 1 1 2 2 2 2 2 1 1 2 2 2 2 1 1 2 2 2 2 2 2 2 2 1 2 1 1 1 2 2 1 2 2 2 1
 2 1 2 1 2 1 1 2 1 2 2 2 2 1 2 1 1 1 1 2 2 2 2 2 1 2 2 1 2 1 2 2 2 2 2 1 1
 2 2 2]
{'accuracy': 0.6823266219239373, 'precision': 0.7851661709380814, 'Recall': 0.5086442352394235, 'F1': 0.5333210076770116, 'AUC': 0.6873944440812413, 'Confusion_matrix': array([[0.125     , 0.5       , 0.375     ],
       [0.        , 0.72384937, 0.27615063],
       [0.        , 0.32291667, 0.67708333]])}
mcc	 0.38396977343300526
3623
