accuracy   0.6442953020134228
precision   0.6303156487949777
Recall   0.5970668487840626
F1   0.6042620046464208
AUC   0.7742227246775873
Confusion_matrix   [[0.49056604 0.22641509 0.28301887]
 [0.11940299 0.45522388 0.42537313]
 [0.07729469 0.07729469 0.84541063]]
[0 2 1 2 2 1 0 0 1 2 2 2 0 1 2 1 2 2 2 1 0 2 2 1 2 2 2 2 2 1 1 2 0 2 2 2 1
 0 1 2 0 0 0 2 2 2 1 2 0 2 2 2 0 2 2 2 1 2 2 2 2 2 0 0 2 0 2 2 0 1 0 2 2 2
 2 2 2 2 2 2 0 2 2 2 2 1 2 2 2 2 1 0 2 2 1 2 2 2 2 2 2 2 0 2 0 2 2 2 0 2 2
 2 0 2 2 2 2 1 1 1 2 0 1 2 2 1 2 1 0 2 0 1 2 2 2 2 2 0 1 1 2 2 1 0 2 1 2 0
 2 2 0 2 2 1 2 2 2 2 1 0 2 2 2 0 0 1 2 1 2 0 0 2 2 1 2 1 2 2 0 2 2 2 0 1 1
 1 2 2 2 2 2 2 2 1 0 2 2 1 1 0 2 0 2 2 2 1 2 2 2 2 0 0 2 2 0 1 2 2 1 2 2 2
 2 2 2 2 1 2 2 2 2 2 0 2 2 0 2 1 1 2 0 2 2 1 0 2 2 1 2 2 1 1 0 1 0 2 2 2 2
 0 1 2 2 1 0 1 0 2 0 2 0 2 0 1 1 2 1 2 2 2 1 1 2 0 2 2 2 2 2 1 1 2 2 2 2 2
 1 2 0 2 2 0 0 0 1 0 2 2 0 2 0 2 2 1 1 2 1 2 2 1 2 1 1 1 1 1 1 2 1 2 0 1 0
 1 2 0 2 2 2 2 2 0 2 1 1 1 0 1 2 2 2 0 1 0 0 2 2 2 2 2 2 2 1 2 2 2 2 2 2 2
 2 2 2 0 2 2 1 2 0 2 2 2 1 2 1 2 2 2 2 2 2 2 0 2 2 2 2 1 0 2 2 1 2 0 2 0 2
 0 0 0 1 1 1 2 1 2 1 2 1 1 1 2 2 2 1 0 2 1 2 1 1 2 2 0 2 0 2 0 2 1 2 2 1 2
 2 2 2]
{'accuracy': 0.6442953020134228, 'precision': 0.6303156487949777, 'Recall': 0.5970668487840626, 'F1': 0.6042620046464208, 'AUC': 0.7742227246775873, 'Confusion_matrix': array([[0.49056604, 0.22641509, 0.28301887],
       [0.11940299, 0.45522388, 0.42537313],
       [0.07729469, 0.07729469, 0.84541063]])}
mcc	 0.43156813374850955
