accuracy   0.7046979865771812
precision   0.46924721984602225
Recall   0.48584202682563343
F1   0.47573070607553375
AUC   0.7082679867363515
Confusion_matrix   [[0.63934426 0.         0.36065574]
 [0.27272727 0.         0.72727273]
 [0.18181818 0.         0.81818182]]
[2 2 2 2 0 0 2 2 0 2 0 2 0 0 2 2 0 2 2 2 0 0 0 2 0 2 2 2 2 0 2 2 2 2 0 0 2
 0 2 2 0 2 2 2 2 0 2 2 2 2 2 2 2 2 2 2 2 0 0 2 0 2 2 2 0 2 2 2 2 2 2 0 2 0
 0 2 2 0 2 0 0 0 0 0 2 0 2 0 2 2 2 2 0 0 2 0 2 2 2 0 0 0 0 0 0 2 2 2 0 0 2
 2 2 2 2 0 2 0 2 0 2 0 0 0 2 2 2 0 2 0 0 2 0 0 2 0 0 2 2 2 0 0 2 2 2 0 0 2
 0 0 2 2 2 0 0 2 0 0 2 2 0 2 0 0 0 0 0 0 2 0 2 0 0 2 2 0 0 2 2 2 2 2 2 2 2
 0 2 0 2 2 2 2 2 0 0 2 2 2 0 0 2 2 2 2 0 0 0 2 2 2 0 0 2 2 2 0 0 0 2 2 2 2
 0 2 2 0 0 2 0 2 2 2 2 0 2 2 2 2 0 2 2 2 0 2 2 2 2 0 2 0 2 2 0 0 2 2 0 0 2
 2 2 0 2 0 0 2 2 2 2 2 2 0 2 2 2 2 0 2 2 2 2 2 0 2 0 2 2 0 2 0 2 0 2 2 2 0
 2 0 2 0 2 2 2 2 0 2 0 2 2 0 0 2 2 2 2 2 2 2 2 2 2 0 2 0 0 2 2 0 2 2 2 2 2
 0 2 2 2 2 2 2 0 0 2 2 0 2 2 0 2 2 2 2 2 2 2 0 0 2 2 0 0 2 0 2 2 0 2 2 0 2
 2 2 0 2 2 0 0 2 2 0 2 2 2 0 0 0 2 2 2 0 0 0 0 2 2 0 2 2 2 2 2 0 2 0 2 2 2
 2 0 2 0 2 0 2 2 0 2 2 2 2 0 0 0 2 2 0 2 2 0 0 0 2 0 0 2 2 2 2 0 2 2 2 2 2
 0 2 2]
{'accuracy': 0.7046979865771812, 'precision': 0.46924721984602225, 'Recall': 0.48584202682563343, 'F1': 0.47573070607553375, 'AUC': 0.7082679867363515, 'Confusion_matrix': array([[0.63934426, 0.        , 0.36065574],
       [0.27272727, 0.        , 0.72727273],
       [0.18181818, 0.        , 0.81818182]])}
mcc	 0.4241602459408226
