accuracy   0.7695749440715883
precision   0.7716993175234448
Recall   0.7373084435578111
F1   0.7484190126478989
AUC   0.8843264976953553
Confusion_matrix   [[0.5959596  0.3030303  0.1010101 ]
 [0.04697987 0.73154362 0.22147651]
 [0.03517588 0.08040201 0.88442211]]
[1 1 2 2 0 1 2 2 2 2 0 2 2 2 2 2 0 1 2 1 2 0 1 1 0 0 2 0 2 2 2 2 2 2 2 1 1
 2 2 1 2 2 1 2 1 1 1 1 0 1 1 2 0 0 2 1 0 1 2 2 0 2 1 2 2 0 2 2 0 1 0 2 2 2
 2 1 2 2 2 1 2 2 2 2 2 2 0 2 0 2 2 0 1 2 2 1 1 1 2 1 2 2 1 2 2 2 1 1 1 1 1
 1 2 1 0 2 2 2 1 2 1 1 0 2 0 0 2 0 2 0 0 2 1 1 1 0 1 0 2 1 1 0 0 1 0 2 2 2
 0 2 2 2 2 2 2 2 1 0 2 0 1 1 0 2 0 1 2 1 1 1 2 1 1 2 1 1 1 1 1 2 1 2 2 2 0
 2 0 0 2 1 1 2 0 1 0 2 2 0 2 2 2 1 2 1 1 1 2 0 1 1 2 2 2 2 1 0 1 2 2 1 2 0
 2 1 0 1 2 1 2 2 1 1 2 0 1 0 2 2 1 2 2 1 0 2 1 1 1 0 1 2 1 2 2 2 2 1 1 2 1
 2 2 2 2 1 1 0 2 1 2 2 2 1 2 2 2 2 1 1 1 2 1 2 1 2 2 2 2 1 2 2 2 2 2 2 0 1
 1 2 2 2 2 2 2 2 1 1 2 1 2 2 0 2 2 0 2 2 1 1 2 1 0 0 2 0 2 0 1 2 0 1 0 2 1
 0 2 1 2 1 2 0 1 1 1 2 1 1 1 0 2 1 2 2 2 2 2 1 2 2 0 2 2 2 1 0 2 2 2 2 2 1
 1 1 2 2 0 2 2 2 1 1 1 1 2 2 0 2 1 2 2 1 0 2 2 1 2 1 2 1 1 1 1 1 2 2 1 2 2
 2 1 0 0 2 1 2 1 1 1 2 2 1 1 2 2 1 2 2 1 0 0 1 1 2 2 1 1 2 2 2 1 2 1 2 2 1
 1 0 0]
{'accuracy': 0.7695749440715883, 'precision': 0.7716993175234448, 'Recall': 0.7373084435578111, 'F1': 0.7484190126478989, 'AUC': 0.8843264976953553, 'Confusion_matrix': array([[0.5959596 , 0.3030303 , 0.1010101 ],
       [0.04697987, 0.73154362, 0.22147651],
       [0.03517588, 0.08040201, 0.88442211]])}
mcc	 0.6373014585744826
