accuracy   0.7494407158836689
precision   0.7646851790267154
Recall   0.5934594374709438
F1   0.6309614581470396
AUC   0.8061834430206881
Confusion_matrix   [[0.79079498 0.20920502 0.        ]
 [0.25520833 0.73958333 0.00520833]
 [0.625      0.125      0.25      ]]
[1 0 1 1 1 0 0 1 0 0 1 1 1 0 1 0 0 0 2 0 0 0 0 1 1 0 0 1 0 1 1 0 0 0 1 1 0
 0 1 0 1 1 0 1 0 0 0 0 0 1 1 1 1 1 1 1 1 1 1 0 1 0 1 0 0 0 0 0 0 0 1 0 0 1
 1 1 0 0 0 0 0 0 1 1 1 0 0 1 0 1 0 0 0 0 1 1 1 0 1 1 1 1 0 1 0 0 1 1 0 1 1
 0 1 0 1 1 0 1 1 1 0 1 0 0 0 0 0 0 0 0 0 0 1 0 0 1 0 0 1 1 1 1 1 0 0 1 0 0
 0 2 1 0 0 0 1 2 1 0 0 1 1 0 1 1 1 0 0 0 1 1 0 0 1 1 0 1 0 1 0 1 0 0 0 1 0
 0 0 1 0 1 0 1 1 0 0 0 1 0 0 0 1 1 0 0 1 1 0 1 0 0 0 0 0 1 0 1 0 1 0 1 0 0
 0 0 0 0 0 0 1 0 0 0 0 1 1 0 1 0 1 1 1 1 1 1 0 0 1 0 0 1 0 0 0 1 0 1 1 1 1
 1 0 0 1 1 1 0 1 1 0 1 1 0 1 1 1 0 0 1 1 0 0 1 0 1 1 1 1 0 1 0 1 1 1 1 0 0
 1 0 1 1 0 0 1 0 0 1 1 1 1 0 1 0 0 1 0 0 0 1 1 1 0 0 1 0 0 0 1 1 0 0 0 1 0
 1 1 2 0 0 1 1 0 1 0 0 1 0 1 0 1 0 0 0 0 0 1 1 0 0 1 0 1 0 1 0 1 1 1 1 1 0
 0 0 0 1 1 0 0 0 1 1 0 0 0 1 1 0 1 1 0 0 0 0 0 0 1 0 1 0 1 0 0 0 1 0 0 0 0
 0 0 0 0 0 0 0 0 0 1 0 2 1 0 0 0 0 0 0 0 0 0 1 1 0 0 1 0 1 0 0 1 0 1 0 0 1
 0 0 0]
{'accuracy': 0.7494407158836689, 'precision': 0.7646851790267154, 'Recall': 0.5934594374709438, 'F1': 0.6309614581470396, 'AUC': 0.8061834430206881, 'Confusion_matrix': array([[0.79079498, 0.20920502, 0.        ],
       [0.25520833, 0.73958333, 0.00520833],
       [0.625     , 0.125     , 0.25      ]])}
mcc	 0.5155874290438206
