accuracy   0.5190156599552572
precision   0.3412375790424571
Recall   0.427103612372918
F1   0.372925322605465
AUC   0.575657227942867
Confusion_matrix   [[0.45522388 0.         0.54477612]
 [0.24528302 0.         0.75471698]
 [0.17391304 0.         0.82608696]]
[2 2 2 2 2 2 2 2 0 2 2 0 0 0 2 2 2 0 2 2 2 0 0 2 2 0 2 0 2 2 0 2 2 2 2 2 0
 2 2 2 2 2 0 2 0 0 0 0 2 2 2 0 0 2 2 0 0 0 2 2 0 0 2 2 2 0 2 2 2 2 2 2 2 2
 2 0 2 2 2 2 2 2 2 2 0 0 0 2 2 2 2 2 2 0 2 2 0 0 2 2 0 2 0 2 0 2 0 0 2 2 2
 2 2 2 2 0 2 2 2 2 0 2 2 2 0 0 0 2 2 2 2 2 0 2 2 0 2 2 2 2 0 2 2 2 2 2 2 2
 0 2 2 2 2 2 2 2 2 2 2 2 2 2 2 0 2 2 2 0 2 2 0 0 2 2 2 2 2 2 2 0 2 0 0 0 2
 2 2 0 2 0 2 2 0 2 0 2 2 0 2 2 0 0 2 2 2 2 2 0 2 2 0 0 2 2 2 2 2 2 2 2 2 2
 2 2 0 2 2 0 2 2 0 0 2 0 0 0 2 2 0 0 2 2 0 2 0 2 2 0 2 2 2 2 2 2 2 2 2 0 2
 2 2 2 2 2 2 0 2 0 2 0 2 2 2 2 2 2 2 0 2 0 2 0 0 2 2 0 2 0 2 2 2 0 2 0 0 0
 2 0 2 2 2 2 2 0 0 2 0 2 2 2 2 2 2 2 0 2 2 2 2 2 0 0 2 0 2 2 2 0 2 2 0 2 0
 2 2 2 2 0 2 2 2 0 2 2 2 2 2 2 2 2 2 2 2 2 2 2 2 2 2 2 2 2 0 2 0 0 2 2 2 2
 0 0 2 2 2 2 2 0 2 2 2 2 2 2 2 0 2 0 2 2 0 2 2 0 2 2 2 2 0 2 2 2 2 2 2 2 2
 2 2 2 2 0 0 0 2 2 2 0 2 2 2 2 2 0 2 2 0 2 0 2 2 2 2 0 2 2 2 0 2 2 2 2 2 2
 2 0 2]
{'accuracy': 0.5190156599552572, 'precision': 0.3412375790424571, 'Recall': 0.427103612372918, 'F1': 0.372925322605465, 'AUC': 0.575657227942867, 'Confusion_matrix': array([[0.45522388, 0.        , 0.54477612],
       [0.24528302, 0.        , 0.75471698],
       [0.17391304, 0.        , 0.82608696]])}
mcc	 0.19971475285725576
