accuracy   0.5771812080536913
precision   0.383651966690765
Recall   0.4968016817870111
F1   0.43212005108556834
AUC   0.6514612699227046
Confusion_matrix   [[0.         0.4040404  0.5959596 ]
 [0.         0.77181208 0.22818792]
 [0.         0.28140704 0.71859296]]
[1 1 2 2 2 1 2 2 2 2 2 1 1 2 2 2 1 1 2 1 2 1 1 1 1 2 2 1 2 2 2 2 2 2 1 2 1
 1 2 1 2 2 1 2 2 1 1 1 2 1 1 1 2 1 2 2 1 2 2 1 2 2 1 2 2 2 2 2 2 1 2 2 1 1
 2 2 1 2 2 1 2 1 1 2 2 2 1 2 2 2 2 2 1 1 1 1 1 1 1 1 2 1 1 2 2 2 2 1 1 1 1
 1 2 1 1 1 2 2 1 2 1 1 2 2 2 1 1 1 2 2 1 2 1 1 1 2 2 2 1 1 1 2 2 1 1 2 2 2
 2 2 2 2 1 2 2 1 2 1 1 2 1 1 1 2 2 1 1 1 1 1 2 1 1 2 2 1 1 1 1 2 2 2 2 2 1
 2 1 2 1 1 1 1 2 1 2 1 2 2 1 2 2 1 1 1 2 1 2 2 2 1 2 2 2 2 2 1 1 2 2 1 2 1
 2 1 2 1 2 1 2 1 1 1 2 1 1 2 1 2 1 1 2 1 2 2 1 1 1 2 1 2 1 2 2 2 2 2 1 2 1
 2 2 2 1 1 1 2 1 1 2 2 2 1 1 2 1 2 1 2 1 2 1 2 1 2 1 2 2 1 2 2 2 2 2 1 2 1
 1 2 2 2 2 2 2 2 1 1 2 1 2 2 1 2 2 2 2 2 1 1 2 2 1 1 2 1 1 2 1 2 1 1 2 2 1
 1 2 1 1 1 2 1 1 1 1 2 1 1 1 2 2 1 2 2 2 1 2 1 2 1 2 1 2 2 1 2 2 2 2 2 2 1
 1 1 2 1 2 2 2 2 1 1 1 1 2 2 2 2 1 2 2 2 2 2 2 2 2 1 2 1 1 1 1 1 2 2 1 2 2
 2 1 2 2 1 1 2 1 2 2 2 2 1 1 2 2 1 2 1 2 1 1 1 1 1 2 1 1 1 1 2 1 1 1 2 2 1
 1 1 2]
{'accuracy': 0.5771812080536913, 'precision': 0.383651966690765, 'Recall': 0.4968016817870111, 'F1': 0.43212005108556834, 'AUC': 0.6514612699227046, 'Confusion_matrix': array([[0.        , 0.4040404 , 0.5959596 ],
       [0.        , 0.77181208, 0.22818792],
       [0.        , 0.28140704, 0.71859296]])}
mcc	 0.326761272060167
