accuracy   0.5749440715883669
precision   0.381766497461929
Recall   0.49175407237529933
F1   0.4297668550536195
AUC   0.5962687479836987
Confusion_matrix   [[0.         0.37373737 0.62626263]
 [0.         0.73154362 0.26845638]
 [0.         0.25628141 0.74371859]]
[1 1 2 2 2 2 2 2 2 2 2 1 1 2 2 2 2 2 2 1 2 1 1 1 2 2 2 1 2 2 2 2 2 2 2 2 1
 1 2 1 2 2 1 2 2 1 1 1 2 1 1 1 2 1 2 2 1 2 2 2 2 2 1 2 2 2 2 2 2 1 2 2 1 1
 2 2 1 2 2 1 2 1 1 2 2 2 1 2 2 2 2 2 1 2 1 1 1 1 1 1 2 1 1 2 2 2 2 1 1 1 1
 1 2 1 1 1 2 2 1 2 1 1 2 2 2 1 1 1 2 2 1 2 1 1 1 2 2 2 1 1 2 2 2 1 1 2 2 2
 2 2 2 2 1 2 2 1 2 1 2 2 1 1 1 2 2 1 1 1 1 1 2 1 1 2 2 1 1 1 1 2 2 2 2 2 1
 2 1 2 1 1 1 1 2 1 2 1 2 2 1 2 2 1 1 1 2 1 2 2 2 1 2 2 2 2 2 1 1 2 2 1 2 1
 2 1 2 1 2 1 2 1 1 1 2 1 1 2 1 2 1 1 2 1 2 2 1 1 1 2 1 2 1 2 2 2 2 2 1 2 1
 2 2 2 1 1 1 2 1 1 2 2 2 1 1 2 1 2 1 2 1 2 1 2 1 2 1 2 2 1 2 2 2 2 2 1 2 1
 1 2 2 2 2 2 2 2 1 1 2 1 2 2 1 2 2 2 2 2 1 1 2 2 1 1 2 2 1 2 1 2 1 1 2 2 1
 1 2 1 1 1 2 1 1 2 1 2 1 1 1 2 2 1 2 2 2 1 2 1 2 1 2 1 2 2 1 2 2 2 2 2 2 1
 1 1 2 1 2 2 2 2 1 1 1 1 2 2 2 2 1 2 2 2 2 2 2 2 2 2 2 1 1 1 1 1 2 2 1 2 2
 2 1 2 2 1 1 2 1 2 2 2 2 1 1 2 2 1 2 1 2 1 2 1 1 2 2 1 1 1 1 2 1 1 1 2 2 1
 1 1 2]
{'accuracy': 0.5749440715883669, 'precision': 0.381766497461929, 'Recall': 0.49175407237529933, 'F1': 0.4297668550536195, 'AUC': 0.5962687479836987, 'Confusion_matrix': array([[0.        , 0.37373737, 0.62626263],
       [0.        , 0.73154362, 0.26845638],
       [0.        , 0.25628141, 0.74371859]])}
mcc	 0.3183607296362286
