accuracy   0.5100671140939598
precision   0.33197889774385453
Recall   0.4276804383877713
F1   0.37255888725798564
AUC   0.5833715389872259
Confusion_matrix   [[0.51492537 0.00746269 0.47761194]
 [0.32075472 0.         0.67924528]
 [0.23188406 0.         0.76811594]]
[2 2 0 2 2 2 2 2 0 2 2 0 0 0 2 2 2 0 2 2 2 0 0 2 2 0 2 0 2 2 0 0 0 2 2 2 0
 2 2 2 2 2 0 2 0 0 0 0 2 2 2 0 2 2 2 0 0 0 0 2 0 0 2 2 2 2 2 2 2 2 2 2 2 2
 2 0 2 2 2 2 2 0 2 2 0 0 2 2 2 2 2 0 2 0 2 2 0 0 2 2 0 0 0 2 0 2 0 0 2 2 2
 2 2 0 2 0 2 2 2 2 0 2 2 0 0 0 0 2 0 0 2 2 0 0 2 0 2 2 2 0 0 0 2 2 2 2 2 0
 0 2 2 0 2 2 2 0 2 0 2 2 2 0 2 0 2 2 2 0 2 2 0 0 2 2 2 0 2 0 2 0 2 0 0 2 2
 2 2 0 2 0 2 2 0 2 0 2 2 0 2 2 0 0 2 2 2 2 2 0 2 2 0 0 2 2 2 2 2 2 2 1 2 2
 2 2 0 2 2 0 2 2 0 0 2 0 0 0 2 2 0 0 2 2 0 2 0 0 2 0 2 2 0 2 2 2 2 2 2 2 2
 2 2 2 2 0 2 0 2 0 2 0 2 2 0 2 2 2 2 0 2 0 2 0 0 2 0 0 2 2 2 2 2 0 2 0 0 0
 2 0 2 2 2 2 2 0 0 2 2 2 2 2 0 2 2 2 0 2 2 2 2 2 2 2 2 0 2 2 0 0 2 2 0 2 0
 2 2 0 0 0 2 2 2 0 2 2 2 2 2 2 2 2 2 2 2 2 2 2 2 0 2 0 2 2 0 0 0 0 2 2 2 2
 0 0 2 2 2 0 2 0 2 2 2 2 2 2 2 0 2 0 2 0 0 2 2 0 2 2 2 2 0 2 0 2 2 2 2 2 2
 2 2 2 2 0 0 0 2 2 2 0 2 2 2 2 2 0 2 2 2 2 0 2 2 2 2 0 2 0 2 2 2 0 0 2 2 2
 2 0 2]
{'accuracy': 0.5100671140939598, 'precision': 0.33197889774385453, 'Recall': 0.4276804383877713, 'F1': 0.37255888725798564, 'AUC': 0.5833715389872259, 'Confusion_matrix': array([[0.51492537, 0.00746269, 0.47761194],
       [0.32075472, 0.        , 0.67924528],
       [0.23188406, 0.        , 0.76811594]])}
mcc	 0.1912925098515513
