accuracy   0.7181208053691275
precision   0.6871016109990596
Recall   0.632830242762331
F1   0.6443976093570659
AUC   0.8215766820696483
Confusion_matrix   [[0.70779221 0.03896104 0.25324675]
 [0.31578947 0.32894737 0.35526316]
 [0.0921659  0.04608295 0.86175115]]
[2 0 2 2 2 2 1 0 2 2 0 2 2 0 2 0 0 2 2 2 0 0 2 2 2 2 1 2 1 2 1 0 2 2 2 2 2
 2 2 2 1 2 1 2 2 2 1 2 2 0 2 2 1 2 2 1 2 2 2 2 2 0 2 2 0 2 0 0 2 2 2 2 0 2
 0 0 0 2 0 2 2 2 0 2 2 2 2 2 2 2 2 2 2 0 0 2 2 2 0 0 0 2 0 0 1 1 2 1 0 2 2
 1 0 0 2 2 2 0 0 0 2 2 0 0 0 2 0 0 0 0 2 2 2 2 2 0 2 2 0 1 2 2 2 0 0 2 2 2
 0 2 0 0 2 2 2 2 0 2 0 0 1 0 2 0 2 0 0 0 2 0 2 2 0 2 1 0 2 2 2 0 1 0 2 0 1
 2 1 0 2 0 0 2 0 0 2 0 2 0 2 2 2 2 0 2 0 2 2 2 1 2 1 2 0 1 0 2 0 0 2 0 2 1
 0 0 2 0 2 0 2 2 2 0 2 2 0 0 2 2 2 0 2 2 2 2 2 0 2 1 2 0 0 0 2 0 0 0 2 2 2
 2 2 0 0 2 1 2 2 0 2 2 0 0 2 2 0 0 2 2 2 2 0 2 0 2 1 2 1 1 2 0 0 2 2 2 0 2
 0 1 2 0 2 0 2 0 0 0 1 0 1 0 0 0 2 2 1 2 2 2 2 2 2 2 1 0 1 0 2 2 0 2 0 0 2
 2 2 2 0 2 0 2 2 2 1 2 2 0 1 2 0 2 0 2 2 0 2 2 2 0 2 2 2 2 2 2 2 0 2 2 2 0
 2 0 2 2 2 1 2 2 2 2 2 0 0 1 2 2 0 2 2 2 0 2 2 0 0 2 2 2 0 0 2 0 2 2 2 2 0
 0 2 2 0 0 2 2 2 2 2 1 0 0 2 2 0 0 2 0 2 0 0 2 2 0 2 2 2 2 0 0 1 0 1 2 0 2
 2 2 0]
{'accuracy': 0.7181208053691275, 'precision': 0.6871016109990596, 'Recall': 0.632830242762331, 'F1': 0.6443976093570659, 'AUC': 0.8215766820696483, 'Confusion_matrix': array([[0.70779221, 0.03896104, 0.25324675],
       [0.31578947, 0.32894737, 0.35526316],
       [0.0921659 , 0.04608295, 0.86175115]])}
mcc	 0.530027799519863
