accuracy   0.9172259507829977
precision   0.921924603174603
Recall   0.6397964193040987
F1   0.6736779340406284
AUC   0.8604812427811437
Confusion_matrix   [[0.14285714 0.57142857 0.28571429]
 [0.         0.81443299 0.18556701]
 [0.         0.03790087 0.96209913]]
[2 1 2 1 2 2 2 2 2 1 1 2 2 2 1 2 2 2 2 2 2 2 2 2 2 2 2 1 2 2 1 2 1 2 1 2 2
 2 2 1 2 2 2 2 2 1 2 2 1 2 2 2 2 2 2 2 2 2 1 2 2 1 2 2 2 2 2 2 2 2 2 2 2 2
 1 2 1 2 1 2 1 2 1 2 1 2 2 2 2 2 2 2 2 2 2 2 2 2 2 2 2 1 2 2 2 1 2 2 2 2 2
 1 2 2 2 2 2 2 2 2 1 1 1 2 1 2 1 2 2 1 1 2 2 1 1 2 2 2 1 2 2 2 2 2 2 2 1 2
 2 2 2 1 1 2 1 2 1 2 1 2 2 2 2 2 2 2 2 2 2 2 1 2 2 2 1 2 2 1 2 2 2 2 2 2 2
 1 1 2 2 2 2 2 2 2 2 1 2 2 2 2 2 0 2 2 1 2 2 2 2 1 2 2 2 2 2 1 1 2 2 1 2 1
 2 2 2 2 1 2 1 2 2 2 2 2 2 1 1 2 1 2 2 2 2 2 2 2 2 2 2 1 2 2 2 2 2 2 2 2 1
 2 2 1 1 2 2 2 2 2 1 2 2 2 2 2 2 2 2 2 2 2 2 1 2 2 1 2 2 2 2 2 2 2 1 2 2 2
 2 1 2 2 2 2 2 1 2 2 1 2 2 2 2 1 2 2 1 2 2 2 2 2 2 2 2 1 2 2 2 2 2 1 2 2 2
 2 2 2 2 1 1 2 2 2 2 2 1 1 2 2 2 1 1 1 1 2 2 2 2 2 2 2 2 1 2 2 2 2 1 1 2 1
 1 2 2 2 2 2 2 1 2 2 2 2 2 2 2 2 2 2 2 2 2 2 2 2 2 2 2 2 2 2 2 1 2 1 1 1 2
 2 2 1 2 2 2 2 2 2 1 2 2 2 2 1 2 1 2 2 2 2 2 2 2 2 2 1 2 2 2 2 2 2 2 2 2 1
 2 2 1]
{'accuracy': 0.9172259507829977, 'precision': 0.921924603174603, 'Recall': 0.6397964193040987, 'F1': 0.6736779340406284, 'AUC': 0.8604812427811437, 'Confusion_matrix': array([[0.14285714, 0.57142857, 0.28571429],
       [0.        , 0.81443299, 0.18556701],
       [0.        , 0.03790087, 0.96209913]])}
mcc	 0.7660825996633718
