accuracy   0.7136465324384788
precision   0.7071045233835931
Recall   0.6728748026849272
F1   0.6802395905959836
AUC   0.8631866879649417
Confusion_matrix   [[0.46464646 0.38383838 0.15151515]
 [0.0738255  0.72483221 0.20134228]
 [0.04020101 0.13065327 0.82914573]]
[1 0 2 2 0 1 2 2 2 2 0 1 2 2 2 2 0 1 2 0 2 1 1 1 1 0 2 1 2 2 2 2 2 2 2 0 1
 0 1 1 2 2 0 2 1 1 1 1 2 1 1 2 0 1 2 0 1 0 2 2 0 2 1 2 2 0 2 2 0 1 0 2 1 2
 2 2 2 2 0 1 2 2 1 2 2 2 0 2 0 2 2 0 1 1 1 1 1 1 2 1 2 2 1 2 2 2 1 1 0 1 1
 2 2 1 2 2 2 2 1 2 1 1 0 2 0 1 0 1 2 2 1 2 1 0 1 0 1 0 2 1 1 0 0 1 1 2 2 2
 0 2 2 2 0 2 2 2 2 1 2 0 1 1 1 2 0 1 2 1 1 1 1 2 1 2 2 1 1 1 1 2 2 2 2 2 1
 2 1 0 1 1 1 2 0 1 2 1 2 2 1 2 2 1 1 1 0 1 2 2 0 1 2 2 2 2 0 1 1 2 2 1 2 1
 2 1 0 1 2 1 2 2 2 1 2 1 1 0 2 2 1 2 2 1 2 2 1 1 1 0 1 2 1 2 2 2 2 1 1 2 1
 2 2 2 2 1 1 0 2 1 2 2 2 1 0 2 1 2 1 1 1 0 1 2 1 2 2 2 2 1 2 2 2 2 2 2 0 1
 1 2 2 2 2 2 2 2 1 1 2 1 2 2 0 2 2 0 2 2 1 1 2 1 1 2 2 1 2 0 0 2 1 1 0 2 1
 1 2 1 2 2 2 0 1 1 2 2 1 1 1 0 2 1 2 2 2 2 2 1 2 0 0 1 2 2 1 0 0 2 2 2 2 1
 1 1 2 2 0 2 2 2 1 1 2 1 2 2 0 2 0 2 2 0 0 2 2 1 2 1 2 1 1 1 1 1 2 2 1 2 2
 2 1 0 0 1 1 2 1 1 1 2 2 1 1 2 2 1 2 1 0 1 1 1 1 1 1 1 1 1 1 2 0 1 1 2 2 1
 1 1 2]
{'accuracy': 0.7136465324384788, 'precision': 0.7071045233835931, 'Recall': 0.6728748026849272, 'F1': 0.6802395905959836, 'AUC': 0.8631866879649417, 'Confusion_matrix': array([[0.46464646, 0.38383838, 0.15151515],
       [0.0738255 , 0.72483221, 0.20134228],
       [0.04020101, 0.13065327, 0.82914573]])}
mcc	 0.5498617370977457
