accuracy   0.6286353467561522
precision   0.5299833780846439
Recall   0.44480764760576474
F1   0.45286549707602336
AUC   0.6251189490353325
Confusion_matrix   [[0.0625     0.625      0.3125    ]
 [0.0083682  0.76150628 0.23012552]
 [0.         0.48958333 0.51041667]]
[1 1 2 1 2 1 1 1 1 1 1 1 2 2 1 1 1 1 1 2 1 1 2 2 1 2 2 1 2 1 1 1 2 2 2 1 2
 2 1 1 1 1 1 2 2 1 1 2 1 1 2 1 1 1 1 1 2 2 1 1 2 1 2 2 1 1 1 2 1 1 2 2 2 2
 1 1 2 1 2 1 1 1 1 1 1 1 2 1 1 1 2 1 2 2 2 2 2 2 0 1 1 2 1 1 1 1 1 1 1 1 2
 1 1 1 1 1 1 1 2 1 2 2 2 2 1 1 1 1 1 1 2 2 1 1 2 2 2 1 1 1 1 2 1 1 1 2 1 1
 1 2 1 0 1 2 2 1 1 1 1 1 2 2 1 2 2 1 2 1 1 1 2 2 2 1 1 1 1 1 2 1 1 1 2 1 2
 1 1 1 1 1 0 1 2 2 2 1 1 1 1 1 1 2 1 1 1 2 1 1 1 1 1 1 1 2 2 1 1 1 1 1 1 1
 2 1 1 1 2 1 2 1 2 1 1 2 1 1 2 2 2 1 1 1 1 2 1 1 2 2 1 1 1 1 1 1 1 1 1 2 1
 2 2 2 2 2 2 1 1 2 2 2 2 1 1 2 1 2 2 2 2 2 1 2 1 1 1 1 1 1 1 2 1 1 1 2 2 2
 2 1 2 1 1 2 1 1 1 1 1 1 1 1 2 1 1 1 1 1 2 2 1 2 1 2 2 1 1 1 1 1 1 1 2 2 2
 1 2 1 1 1 2 2 1 2 1 2 2 1 1 2 1 1 1 1 2 1 1 2 1 1 2 1 2 2 2 1 1 1 1 1 1 2
 1 1 2 1 1 1 2 2 1 2 1 2 1 1 1 1 1 1 2 1 1 1 1 1 1 2 2 2 1 1 2 2 1 1 1 2 2
 1 1 1 2 1 1 2 1 1 2 1 2 1 1 1 1 1 1 1 1 1 1 2 1 2 1 2 2 1 2 1 1 2 1 1 1 2
 1 2 1]
{'accuracy': 0.6286353467561522, 'precision': 0.5299833780846439, 'Recall': 0.44480764760576474, 'F1': 0.45286549707602336, 'AUC': 0.6251189490353325, 'Confusion_matrix': array([[0.0625    , 0.625     , 0.3125    ],
       [0.0083682 , 0.76150628, 0.23012552],
       [0.        , 0.48958333, 0.51041667]])}
mcc	 0.2711131016463989
