accuracy   0.6711409395973155
precision   0.7768465165007857
Recall   0.5304987279651959
F1   0.5710529741093255
AUC   0.768977712362755
Confusion_matrix   [[0.22727273 0.72727273 0.04545455]
 [0.         0.76859504 0.23140496]
 [0.         0.40437158 0.59562842]]
[1 2 1 1 1 1 1 2 1 1 2 1 1 1 1 2 1 1 1 1 1 1 1 2 2 2 2 2 2 2 1 2 1 2 1 2 1
 1 1 1 1 2 2 2 1 1 1 2 1 1 2 1 1 1 1 1 2 2 1 2 1 1 1 1 2 1 1 1 1 1 2 1 2 1
 2 1 2 2 1 1 2 1 1 2 2 1 1 1 1 2 2 2 1 2 1 1 2 1 1 1 1 1 1 1 1 2 1 1 2 1 1
 1 2 1 1 1 1 1 1 1 1 1 0 1 2 2 2 1 2 2 2 1 1 2 1 1 1 1 2 1 1 2 1 1 1 1 1 1
 1 2 1 2 1 1 1 2 2 1 2 1 2 1 1 1 1 1 1 2 1 2 2 2 1 1 1 1 1 0 2 2 1 2 2 1 1
 1 1 2 2 1 1 2 2 2 1 2 2 1 2 1 1 2 2 2 2 1 1 0 1 1 1 1 1 1 2 1 1 2 1 2 1 2
 1 1 1 2 1 2 2 0 1 1 2 1 2 1 2 2 1 1 1 2 1 1 2 2 2 1 1 2 1 1 1 2 2 1 1 1 2
 2 2 1 2 1 2 2 1 1 1 1 1 1 1 2 2 1 1 1 1 1 1 2 1 1 1 2 1 1 1 1 1 2 1 2 1 2
 1 2 2 1 2 1 2 1 2 1 1 2 1 1 1 1 2 1 1 1 2 1 2 1 1 1 2 1 2 1 2 1 1 1 1 2 2
 1 1 2 2 2 1 2 1 2 2 1 1 2 2 1 1 1 1 2 1 1 1 2 2 2 2 2 2 1 2 2 2 1 1 1 2 1
 1 1 1 1 2 1 1 2 2 2 2 1 1 2 2 1 1 1 1 1 1 2 1 2 1 1 1 2 1 1 1 2 2 1 2 2 1
 0 1 1 1 2 1 1 1 1 1 1 1 2 1 1 1 2 2 1 2 1 2 2 1 1 1 2 2 1 2 2 2 1 1 2 2 1
 1 1 1]
{'accuracy': 0.6711409395973155, 'precision': 0.7768465165007857, 'Recall': 0.5304987279651959, 'F1': 0.5710529741093255, 'AUC': 0.768977712362755, 'Confusion_matrix': array([[0.22727273, 0.72727273, 0.04545455],
       [0.        , 0.76859504, 0.23140496],
       [0.        , 0.40437158, 0.59562842]])}
mcc	 0.3627332684663353
