accuracy   0.7494407158836689
precision   0.7447374970527365
Recall   0.6881977671451356
F1   0.7060059383484615
AUC   0.8556450825429724
Confusion_matrix   [[0.73376623 0.03896104 0.22727273]
 [0.19736842 0.47368421 0.32894737]
 [0.11059908 0.03225806 0.85714286]]
[2 0 2 2 2 2 1 0 2 2 0 2 2 0 2 0 1 2 2 2 0 0 0 2 2 2 1 2 1 0 1 0 2 2 2 2 2
 2 2 2 1 2 1 2 2 2 1 2 2 0 2 2 1 2 2 1 2 2 2 2 2 0 2 2 0 2 0 0 2 2 2 2 0 2
 0 0 0 2 2 2 2 2 0 2 2 1 2 2 2 2 2 2 2 0 0 2 2 2 0 0 0 2 0 0 1 1 2 1 0 2 2
 1 0 0 2 2 2 0 0 0 2 2 0 0 0 2 0 1 0 0 2 2 2 2 2 1 0 2 0 2 2 2 1 0 0 2 2 2
 0 2 0 0 2 2 2 2 1 2 0 0 1 0 2 0 2 0 0 0 2 0 2 2 0 2 1 0 2 2 2 0 2 0 0 0 1
 2 1 0 2 0 0 2 0 0 2 0 2 0 2 2 2 2 0 2 0 2 2 2 1 2 1 2 0 1 0 2 0 1 2 0 2 1
 0 0 2 0 2 1 2 2 2 0 2 2 0 0 2 2 2 0 2 2 2 2 2 0 2 2 2 0 0 0 2 0 0 2 2 2 2
 2 2 1 0 2 0 2 2 0 0 2 0 0 2 2 0 0 2 2 2 2 0 2 0 2 1 0 1 1 2 0 0 2 2 2 0 2
 0 1 2 0 2 0 2 0 0 0 2 0 1 2 0 0 2 2 1 2 0 2 2 2 2 2 1 0 1 0 2 2 0 2 0 0 2
 1 2 2 0 2 0 2 2 2 1 2 2 0 1 2 2 2 0 2 2 0 0 2 2 0 2 0 2 2 2 2 2 0 2 2 2 0
 2 0 2 2 2 1 2 2 2 2 2 0 0 1 2 2 0 2 1 2 0 2 2 0 0 2 2 2 0 0 2 0 2 0 2 2 0
 0 2 2 0 1 2 0 2 2 2 1 0 0 2 2 0 0 2 0 2 0 0 2 2 0 2 2 2 2 0 0 1 1 1 2 0 2
 2 2 0]
{'accuracy': 0.7494407158836689, 'precision': 0.7447374970527365, 'Recall': 0.6881977671451356, 'F1': 0.7060059383484615, 'AUC': 0.8556450825429724, 'Confusion_matrix': array([[0.73376623, 0.03896104, 0.22727273],
       [0.19736842, 0.47368421, 0.32894737],
       [0.11059908, 0.03225806, 0.85714286]])}
mcc	 0.584652313812799
