accuracy   0.6442953020134228
precision   0.7577128695344308
Recall   0.48553342666606447
F1   0.5114795176507888
AUC   0.7158923265988705
Confusion_matrix   [[0.13636364 0.68181818 0.18181818]
 [0.         0.73553719 0.26446281]
 [0.         0.41530055 0.58469945]]
[1 2 1 1 1 2 2 2 1 2 1 1 1 1 1 1 1 2 1 1 1 1 1 2 2 2 1 2 2 2 1 2 1 2 1 2 1
 1 1 1 2 1 2 2 1 1 1 2 1 1 1 1 1 1 1 1 2 2 1 2 1 1 1 1 2 1 1 1 1 1 1 2 2 1
 2 1 2 2 1 1 2 1 1 2 2 1 1 2 1 2 1 2 1 2 1 1 2 1 1 2 2 1 2 1 2 2 1 1 1 1 1
 1 1 1 2 1 1 2 1 1 1 1 1 1 1 2 1 2 2 2 1 1 1 2 1 1 1 1 2 1 1 2 2 2 1 1 1 1
 1 2 1 2 1 1 1 2 2 1 2 2 2 1 1 2 1 1 1 1 1 2 1 2 1 1 1 1 1 0 2 1 1 2 2 1 1
 1 1 2 2 1 1 1 1 2 1 2 2 1 2 1 2 2 2 2 2 1 1 0 1 1 1 1 1 1 2 1 1 2 1 1 1 2
 1 1 1 2 2 2 2 1 1 1 2 1 2 1 2 2 1 1 1 1 1 2 2 2 2 2 1 2 2 2 1 2 1 1 1 1 1
 2 2 1 2 1 2 2 1 1 1 1 2 2 1 1 2 1 1 2 1 1 1 2 1 1 1 2 1 1 1 1 2 2 1 2 2 2
 1 1 2 1 2 1 1 1 2 1 2 2 1 1 1 1 1 1 1 1 2 1 2 1 1 1 2 1 2 1 2 1 1 1 1 2 2
 1 1 2 2 1 1 2 1 2 2 1 2 2 2 1 1 1 1 2 2 2 1 1 2 2 2 2 2 1 2 2 2 1 1 1 2 2
 1 1 1 1 2 1 1 2 2 2 2 1 2 2 2 1 1 1 1 2 1 2 1 2 1 1 1 2 1 1 1 2 1 1 2 1 1
 0 1 1 1 2 2 1 1 1 1 1 2 2 2 1 2 2 2 1 1 1 2 2 1 2 1 2 2 1 2 2 2 1 1 1 1 1
 1 1 1]
{'accuracy': 0.6442953020134228, 'precision': 0.7577128695344308, 'Recall': 0.48553342666606447, 'F1': 0.5114795176507888, 'AUC': 0.7158923265988705, 'Confusion_matrix': array([[0.13636364, 0.68181818, 0.18181818],
       [0.        , 0.73553719, 0.26446281],
       [0.        , 0.41530055, 0.58469945]])}
mcc	 0.3095606820951898
