accuracy   0.668903803131991
precision   0.6508596561375449
Recall   0.6244300328636646
F1   0.6318347613568448
AUC   0.8045452597553661
Confusion_matrix   [[0.49056604 0.27358491 0.23584906]
 [0.13432836 0.53731343 0.32835821]
 [0.04830918 0.10628019 0.84541063]]
[0 2 1 2 2 1 0 1 2 2 2 2 0 0 2 0 2 2 2 2 0 1 2 1 2 2 2 2 2 1 1 2 0 2 2 2 1
 0 1 0 0 1 2 2 2 2 1 2 1 2 2 2 0 0 2 2 0 2 1 2 2 1 2 1 2 0 2 2 0 0 1 2 2 2
 2 2 2 1 2 2 0 2 2 2 2 2 2 2 2 1 0 0 2 2 1 2 2 0 2 2 2 2 0 2 0 1 2 2 0 2 2
 2 2 2 2 2 2 1 1 0 2 1 1 2 2 1 2 1 0 1 0 0 2 2 1 2 2 0 0 2 2 2 1 0 2 1 2 2
 2 2 0 1 1 1 2 2 2 2 1 0 2 2 2 1 0 1 2 1 2 0 0 0 2 1 2 1 1 2 1 2 2 2 0 1 1
 1 2 2 2 0 2 2 2 1 1 2 2 1 1 1 2 0 2 0 2 1 2 2 2 2 1 0 2 2 0 1 2 2 1 2 1 0
 2 2 1 2 0 2 2 2 2 2 0 2 2 0 2 1 2 2 1 2 2 1 1 2 2 1 2 0 1 1 0 1 1 2 2 2 2
 2 1 2 2 2 0 1 0 2 0 1 0 2 1 1 1 2 1 2 2 2 1 1 2 2 2 2 2 2 2 0 1 2 2 2 2 2
 0 2 0 1 2 0 0 2 1 0 2 2 1 2 0 2 2 0 2 2 1 1 2 1 2 1 1 1 1 1 1 2 1 2 0 0 1
 1 2 1 2 2 2 2 2 0 2 1 1 1 0 1 2 2 2 1 1 1 1 1 0 2 2 2 2 2 1 2 2 2 2 2 2 2
 2 0 2 1 2 2 1 2 1 2 2 2 0 2 1 2 2 2 2 2 2 2 0 2 2 2 2 0 2 2 2 1 2 0 2 0 2
 1 0 0 1 1 1 1 0 2 1 2 1 1 1 2 1 2 0 0 2 1 1 1 0 2 2 0 0 0 2 1 1 1 2 2 1 2
 1 2 2]
{'accuracy': 0.668903803131991, 'precision': 0.6508596561375449, 'Recall': 0.6244300328636646, 'F1': 0.6318347613568448, 'AUC': 0.8045452597553661, 'Confusion_matrix': array([[0.49056604, 0.27358491, 0.23584906],
       [0.13432836, 0.53731343, 0.32835821],
       [0.04830918, 0.10628019, 0.84541063]])}
mcc	 0.47236664651089333
