accuracy   0.7024608501118568
precision   0.6959380755251394
Recall   0.6569202569778035
F1   0.6659473291161483
AUC   0.8452602995413961
Confusion_matrix   [[0.47169811 0.31132075 0.21698113]
 [0.07462687 0.63432836 0.29104478]
 [0.04347826 0.09178744 0.8647343 ]]
[0 2 1 2 2 1 0 1 1 2 2 2 0 0 2 0 2 2 2 1 0 1 2 1 2 2 2 2 2 2 1 2 0 2 2 2 1
 0 0 0 1 1 2 2 2 2 1 0 2 2 2 2 0 0 2 2 0 2 1 2 2 1 2 1 0 1 2 2 0 1 1 2 2 2
 2 2 2 1 2 2 0 2 2 2 2 2 2 2 2 1 1 0 2 2 1 2 2 0 2 2 2 2 0 2 1 1 2 2 0 2 2
 2 2 2 2 2 2 1 1 0 0 1 1 2 2 1 2 1 0 1 1 0 2 2 2 2 2 0 1 2 2 2 1 0 2 1 2 1
 2 2 0 1 1 1 2 2 2 2 1 0 2 2 2 1 0 1 2 1 2 2 0 2 2 1 2 1 1 2 1 2 2 2 0 2 1
 1 2 2 2 2 2 2 2 1 1 2 2 1 1 1 2 0 2 2 2 1 2 2 2 2 1 0 2 2 0 1 2 2 1 1 1 0
 2 2 1 2 0 2 2 2 2 2 0 2 2 1 2 1 2 2 1 2 2 1 1 2 2 1 2 0 1 1 0 0 1 2 2 1 2
 2 1 2 2 2 0 1 1 2 0 1 0 2 1 1 1 2 1 2 2 2 1 1 1 2 2 2 2 2 2 1 1 2 2 2 2 0
 1 2 0 1 2 0 0 2 1 0 2 2 1 2 0 1 2 1 2 2 1 1 2 1 2 1 1 1 1 1 1 2 1 1 0 0 1
 1 2 1 2 2 2 2 2 0 2 1 1 1 0 1 2 2 2 1 1 0 1 1 0 2 2 2 2 2 1 2 2 2 2 2 2 2
 2 0 2 1 2 2 1 2 1 2 2 2 0 2 1 2 2 2 2 2 2 2 0 2 2 2 2 0 2 2 2 1 2 1 2 0 2
 0 1 0 1 1 1 1 2 2 0 2 1 1 1 2 2 2 1 0 0 1 1 0 0 2 2 0 2 1 2 1 1 1 2 1 1 2
 1 2 2]
{'accuracy': 0.7024608501118568, 'precision': 0.6959380755251394, 'Recall': 0.6569202569778035, 'F1': 0.6659473291161483, 'AUC': 0.8452602995413961, 'Confusion_matrix': array([[0.47169811, 0.31132075, 0.21698113],
       [0.07462687, 0.63432836, 0.29104478],
       [0.04347826, 0.09178744, 0.8647343 ]])}
mcc	 0.5272932251515745
