accuracy   0.756152125279642
precision   0.7738173673198538
Recall   0.7193491239897769
F1   0.7316203192349983
AUC   0.8846015266034826
Confusion_matrix   [[0.52525253 0.36363636 0.11111111]
 [0.04026846 0.77852349 0.18120805]
 [0.01507538 0.13065327 0.85427136]]
[1 1 2 2 0 1 2 2 2 2 0 1 2 2 2 2 0 1 2 0 2 1 1 1 1 0 2 1 2 2 2 2 2 2 2 0 1
 2 2 1 2 2 1 2 1 1 1 1 0 1 1 2 0 1 2 0 1 0 2 2 0 2 1 2 2 0 2 2 0 1 0 2 1 2
 2 1 2 2 2 1 2 2 2 2 2 2 0 2 0 2 2 0 1 2 1 1 1 1 2 1 2 2 1 2 2 2 1 1 1 1 1
 1 2 1 2 2 2 2 1 2 1 1 0 2 0 1 2 1 2 0 1 2 1 0 1 0 0 0 2 1 1 0 0 1 1 2 2 2
 0 2 2 2 1 2 2 2 1 1 2 0 1 1 1 2 0 1 2 1 1 1 2 2 1 2 1 1 1 1 1 2 1 2 2 2 1
 2 1 0 1 1 1 2 0 1 0 1 2 0 1 2 2 1 1 2 0 1 2 0 1 1 2 2 2 2 0 1 1 2 2 1 2 1
 2 1 0 1 2 1 2 2 2 1 2 2 1 0 1 2 1 2 2 1 2 2 1 1 1 0 1 2 1 2 2 2 2 1 1 2 1
 0 2 2 2 1 1 0 1 1 2 2 2 1 1 2 1 2 1 0 1 2 1 2 1 2 2 2 2 1 2 2 2 2 2 2 0 1
 1 2 2 2 2 2 2 2 1 1 2 1 2 2 1 2 2 0 2 2 1 1 2 1 0 2 2 1 2 0 0 2 1 1 0 2 1
 1 2 1 2 2 0 1 1 1 2 2 1 1 1 0 2 1 2 2 2 2 2 1 2 1 0 1 2 2 1 0 2 2 2 2 2 1
 1 1 2 2 0 2 2 2 1 1 2 1 2 2 0 2 1 2 2 0 0 2 2 0 2 1 2 1 1 1 1 1 2 2 1 2 2
 2 1 0 0 1 1 2 1 1 1 2 2 1 1 2 2 1 2 1 0 1 1 1 1 1 2 1 1 1 2 2 1 1 1 2 2 1
 1 1 0]
{'accuracy': 0.756152125279642, 'precision': 0.7738173673198538, 'Recall': 0.7193491239897769, 'F1': 0.7316203192349983, 'AUC': 0.8846015266034826, 'Confusion_matrix': array([[0.52525253, 0.36363636, 0.11111111],
       [0.04026846, 0.77852349, 0.18120805],
       [0.01507538, 0.13065327, 0.85427136]])}
mcc	 0.618931039473377
