accuracy   0.6823266219239373
precision   0.6662418625179299
Recall   0.5867546432062561
F1   0.5962142366276085
AUC   0.7635925801096793
Confusion_matrix   [[0.66233766 0.00649351 0.33116883]
 [0.35526316 0.25       0.39473684]
 [0.10599078 0.04608295 0.84792627]]
[2 0 2 2 2 2 1 0 2 2 0 2 2 0 2 0 0 2 2 2 0 0 2 2 2 2 1 2 2 2 1 0 2 2 2 2 2
 2 2 2 1 2 0 2 2 2 2 2 2 0 2 2 2 2 2 2 2 2 2 1 2 0 2 2 0 2 0 0 2 2 2 0 0 2
 0 0 0 2 0 2 2 2 0 2 2 2 2 2 2 2 2 2 2 0 0 2 2 2 0 0 0 2 2 0 2 1 2 2 0 2 2
 2 0 0 2 2 2 0 0 0 2 2 0 0 0 2 0 0 0 0 2 2 2 2 2 0 0 2 0 1 2 2 2 0 0 2 2 2
 0 2 0 0 2 2 2 2 0 2 0 0 2 0 2 0 2 0 0 0 2 0 2 2 0 2 1 0 2 2 2 0 1 0 2 0 1
 2 2 0 2 0 0 2 0 0 2 0 2 0 2 2 2 2 1 2 0 2 1 2 1 2 1 2 0 1 2 2 0 0 2 2 2 2
 0 0 2 0 2 0 2 2 2 0 2 2 2 0 2 2 2 0 2 2 2 2 2 0 2 2 2 2 0 0 2 0 0 0 1 2 2
 2 2 0 0 2 2 2 2 0 2 2 0 0 2 2 0 0 2 2 2 2 0 2 0 2 2 2 1 1 2 0 0 2 0 2 0 2
 0 1 2 0 2 0 2 0 0 0 2 0 2 0 0 2 2 2 1 2 2 2 2 2 2 2 1 0 1 0 2 2 0 1 0 0 2
 2 2 2 0 2 0 2 2 2 1 2 2 0 1 2 2 2 0 2 2 0 2 2 2 0 2 0 2 1 2 2 2 0 2 2 2 0
 2 0 2 2 2 1 2 2 2 2 0 0 0 2 2 2 2 2 0 2 0 2 2 0 0 2 2 2 0 0 0 0 2 2 2 2 0
 0 2 2 0 0 2 2 2 2 2 1 0 2 2 2 0 0 2 0 2 0 0 2 2 0 1 2 0 2 0 0 1 0 2 2 0 2
 2 2 0]
{'accuracy': 0.6823266219239373, 'precision': 0.6662418625179299, 'Recall': 0.5867546432062561, 'F1': 0.5962142366276085, 'AUC': 0.7635925801096793, 'Confusion_matrix': array([[0.66233766, 0.00649351, 0.33116883],
       [0.35526316, 0.25      , 0.39473684],
       [0.10599078, 0.04608295, 0.84792627]])}
mcc	 0.46589963078141866
