accuracy   0.9217002237136466
precision   0.927869116698904
Recall   0.6417400539007945
F1   0.6775402714477633
AUC   0.826571402808967
Confusion_matrix   [[0.14285714 0.57142857 0.28571429]
 [0.         0.81443299 0.18556701]
 [0.         0.03206997 0.96793003]]
[2 1 2 1 2 2 2 2 2 1 1 2 2 2 1 2 2 2 2 2 2 2 2 2 2 2 2 1 2 2 1 2 1 2 2 2 2
 2 2 1 2 2 2 2 2 2 2 2 1 2 2 2 2 2 2 2 2 2 1 2 2 1 2 2 2 2 2 2 2 2 2 2 2 2
 1 2 1 2 1 2 1 2 1 2 1 2 2 2 2 2 2 2 2 2 2 2 2 2 2 2 2 1 2 2 2 1 2 2 2 2 2
 1 2 2 2 2 2 2 2 2 1 1 1 2 1 2 1 2 2 1 1 2 2 1 1 2 2 2 1 2 2 2 2 2 2 2 1 2
 2 2 2 1 1 2 1 2 1 2 1 2 2 2 2 2 2 2 2 2 2 2 1 2 2 2 1 2 2 1 2 2 2 2 2 2 2
 1 1 2 2 2 2 2 2 2 2 1 2 2 2 2 2 0 2 2 1 1 2 2 2 1 2 2 2 2 2 1 1 2 2 1 2 1
 2 2 2 2 1 2 1 2 2 2 2 2 2 1 1 2 1 2 2 2 2 2 2 2 2 2 2 1 2 2 2 2 2 2 2 2 1
 2 2 1 1 2 2 2 2 2 1 2 2 2 2 2 2 2 2 2 2 2 2 1 2 2 1 2 2 2 2 2 2 2 1 2 2 2
 2 1 2 2 2 2 2 1 2 2 1 2 2 2 2 1 2 2 1 2 2 2 2 2 2 2 2 1 2 2 2 2 2 1 2 2 2
 2 2 2 2 1 1 2 2 2 2 2 1 1 2 2 2 1 1 1 1 2 2 2 2 2 2 2 2 1 2 2 2 2 1 1 2 1
 1 2 2 2 2 2 2 2 2 2 2 2 2 2 2 2 2 2 2 2 2 2 2 2 2 2 2 2 2 2 2 1 2 1 1 1 2
 2 2 1 2 2 2 2 2 2 1 2 2 2 2 1 2 1 2 2 2 2 2 2 2 2 2 1 2 2 2 2 2 2 2 2 2 1
 2 2 1]
{'accuracy': 0.9217002237136466, 'precision': 0.927869116698904, 'Recall': 0.6417400539007945, 'F1': 0.6775402714477633, 'AUC': 0.826571402808967, 'Confusion_matrix': array([[0.14285714, 0.57142857, 0.28571429],
       [0.        , 0.81443299, 0.18556701],
       [0.        , 0.03206997, 0.96793003]])}
mcc	 0.7776657392101648
