accuracy   0.8970917225950783
precision   0.5718700159489633
Recall   0.5745443980243055
F1   0.5731264988009593
AUC   0.8035440559560665
Confusion_matrix   [[0.         0.42857143 0.57142857]
 [0.         0.77319588 0.22680412]
 [0.         0.04956268 0.95043732]]
[2 1 2 1 2 2 2 2 2 1 1 2 2 2 2 2 2 2 2 2 2 2 2 2 2 2 2 2 2 2 1 2 1 2 2 2 2
 2 2 1 2 2 2 2 2 1 2 2 1 2 2 2 2 2 2 2 2 2 1 2 2 1 2 2 2 2 2 2 2 2 2 2 2 2
 1 2 1 2 1 2 1 2 1 2 1 2 2 2 2 2 2 2 2 2 2 2 2 2 2 2 2 2 2 2 2 2 2 2 2 1 2
 1 2 2 2 2 2 2 2 2 1 1 1 2 1 2 1 2 2 1 1 2 2 1 1 2 1 2 1 2 2 2 2 2 2 2 1 2
 2 2 2 1 1 2 1 2 1 2 1 2 2 2 2 1 2 2 2 2 2 2 2 2 2 2 1 2 2 1 2 2 2 2 2 2 2
 1 1 2 2 2 2 2 2 2 2 1 2 2 2 2 2 2 2 2 1 2 2 2 2 1 2 2 2 2 2 1 1 2 2 1 2 1
 2 2 2 2 1 2 1 2 2 2 2 2 2 1 1 2 1 2 2 1 2 2 2 2 2 2 2 1 2 2 2 2 2 1 2 2 1
 2 2 1 1 2 2 2 2 2 1 2 2 2 2 2 1 2 2 2 2 2 2 2 2 2 1 2 2 2 2 2 2 2 1 2 2 2
 2 1 2 2 2 2 2 1 2 2 1 2 2 2 2 1 2 2 1 2 2 2 2 2 2 2 2 2 2 2 2 2 2 1 2 2 2
 2 2 2 2 1 1 1 2 2 2 2 1 1 2 2 2 1 1 1 1 2 2 2 2 2 2 2 2 1 2 2 2 2 1 1 2 1
 1 2 2 2 2 2 2 1 2 2 2 2 2 2 2 2 2 2 2 2 2 2 2 2 2 2 1 2 2 2 2 1 2 1 2 1 2
 2 2 1 2 2 2 2 2 2 1 2 1 2 2 1 2 1 2 2 2 2 2 2 2 2 2 2 2 2 2 2 2 2 2 2 2 1
 2 2 1]
{'accuracy': 0.8970917225950783, 'precision': 0.5718700159489633, 'Recall': 0.5745443980243055, 'F1': 0.5731264988009593, 'AUC': 0.8035440559560665, 'Confusion_matrix': array([[0.        , 0.42857143, 0.57142857],
       [0.        , 0.77319588, 0.22680412],
       [0.        , 0.04956268, 0.95043732]])}
mcc	 0.7069527197632341
