accuracy   0.697986577181208
precision   0.7044642857142858
Recall   0.5488039862108417
F1   0.582338244547956
AUC   0.7677658922239603
Confusion_matrix   [[0.22727273 0.77272727 0.        ]
 [0.00413223 0.80165289 0.19421488]
 [0.00546448 0.37704918 0.61748634]]
[1 2 1 1 1 1 1 2 1 1 2 1 1 2 2 2 1 1 1 1 1 1 1 2 2 2 1 2 2 2 1 2 1 1 1 2 1
 1 1 1 1 2 2 2 1 1 1 2 1 1 1 1 1 1 1 1 2 1 1 2 1 1 1 1 2 1 1 1 1 1 1 1 2 1
 2 1 2 1 2 1 2 1 1 2 2 1 1 2 2 2 2 2 1 2 1 1 2 1 1 1 1 1 1 1 1 2 1 1 2 1 2
 1 1 1 1 1 1 1 1 1 1 1 0 1 2 2 1 1 2 2 1 2 1 2 1 1 1 1 2 1 1 2 2 1 1 1 2 1
 1 1 1 1 1 1 1 2 2 1 2 1 1 1 1 1 1 1 2 2 1 2 1 2 1 1 1 1 1 0 2 2 1 2 2 1 1
 1 1 2 2 1 1 2 2 2 1 2 2 1 2 1 1 1 2 2 2 1 1 0 1 1 1 1 1 1 2 1 1 2 1 2 1 2
 2 1 1 2 2 2 2 0 1 1 1 1 2 1 2 2 1 1 1 2 1 1 2 2 1 1 1 2 1 1 1 2 2 1 1 2 1
 2 2 1 2 1 2 2 1 1 1 1 1 1 1 1 1 2 1 1 1 1 1 2 1 1 1 2 1 1 1 1 1 1 2 0 1 2
 1 1 2 1 2 1 1 2 2 1 2 2 1 1 1 1 2 1 1 1 1 1 2 1 1 1 2 1 2 1 2 1 1 1 1 2 2
 1 1 2 2 2 1 2 1 2 2 1 1 2 2 1 1 1 1 2 1 2 1 1 2 2 2 2 2 1 2 2 2 1 1 0 2 1
 1 1 1 2 2 1 1 1 2 2 2 1 1 2 2 1 1 1 2 1 2 1 1 2 1 1 1 2 1 1 1 2 2 1 2 2 1
 0 1 1 1 2 2 1 1 1 2 1 1 1 1 1 1 2 2 1 2 1 2 2 2 1 1 2 2 1 2 2 1 1 1 1 2 1
 1 1 1]
{'accuracy': 0.697986577181208, 'precision': 0.7044642857142858, 'Recall': 0.5488039862108417, 'F1': 0.582338244547956, 'AUC': 0.7677658922239603, 'Confusion_matrix': array([[0.22727273, 0.77272727, 0.        ],
       [0.00413223, 0.80165289, 0.19421488],
       [0.00546448, 0.37704918, 0.61748634]])}
mcc	 0.4170585128112573
