accuracy   0.6756152125279642
precision   0.6794168292124918
Recall   0.6263666421502582
F1   0.6342881480160852
AUC   0.8162738761032241
Confusion_matrix   [[0.38383838 0.37373737 0.24242424]
 [0.06711409 0.67114094 0.26174497]
 [0.02512563 0.15075377 0.8241206 ]]
[1 0 2 2 0 1 2 2 2 0 0 1 2 2 0 2 1 1 2 1 2 1 1 1 1 0 2 1 2 2 2 2 2 2 2 0 1
 0 2 1 2 2 1 2 0 1 1 1 2 1 1 2 0 1 2 0 2 0 2 2 0 2 1 2 2 0 2 2 0 1 0 2 2 2
 2 2 2 2 0 1 2 2 2 2 2 2 1 2 2 2 2 0 1 1 2 1 1 1 1 1 2 2 1 2 2 2 2 1 1 1 1
 1 2 1 2 1 2 2 1 2 1 1 0 2 0 1 2 1 2 2 1 2 1 0 1 0 0 0 2 2 1 0 0 1 1 2 2 2
 0 2 2 2 1 2 2 2 2 1 2 0 1 1 1 2 0 1 1 1 1 1 2 1 1 2 2 1 1 2 1 2 2 2 2 2 1
 2 1 0 1 1 1 2 0 1 2 1 2 2 1 2 2 1 1 1 0 1 2 2 2 1 2 2 2 2 0 1 1 2 2 1 2 1
 2 1 2 1 2 1 2 2 2 1 2 2 1 0 2 2 1 2 2 1 2 2 1 1 1 0 1 2 1 2 2 2 2 1 1 2 1
 2 2 2 2 2 1 0 2 1 2 2 2 1 2 2 2 2 1 0 1 2 1 2 2 2 2 2 2 1 2 2 2 2 2 2 0 1
 1 2 2 2 2 2 2 2 1 1 2 1 2 2 2 2 2 0 2 2 1 1 2 0 1 2 2 1 2 0 1 2 1 1 0 2 1
 1 2 1 1 2 2 2 1 1 2 2 1 1 1 0 2 1 2 2 2 1 2 1 2 1 2 1 2 2 1 0 0 2 2 2 2 1
 1 1 2 2 0 2 2 2 1 1 1 1 2 2 0 2 1 2 2 0 2 2 2 0 2 1 2 1 1 1 1 1 2 2 1 2 2
 2 1 0 0 2 1 2 1 0 1 2 2 1 1 2 2 1 2 1 2 1 1 1 1 2 2 1 1 0 1 2 1 1 1 2 2 1
 1 1 2]
{'accuracy': 0.6756152125279642, 'precision': 0.6794168292124918, 'Recall': 0.6263666421502582, 'F1': 0.6342881480160852, 'AUC': 0.8162738761032241, 'Confusion_matrix': array([[0.38383838, 0.37373737, 0.24242424],
       [0.06711409, 0.67114094, 0.26174497],
       [0.02512563, 0.15075377, 0.8241206 ]])}
mcc	 0.4861656358551246
