accuracy   0.7293064876957495
precision   0.7077267402945114
Recall   0.5792000813575081
F1   0.6117915838715019
AUC   0.8312698853730822
Confusion_matrix   [[0.25       0.5625     0.1875    ]
 [0.0083682  0.77405858 0.21757322]
 [0.         0.28645833 0.71354167]]
[2 1 2 1 2 1 1 1 1 2 1 2 2 2 1 1 1 2 1 2 1 1 1 2 1 2 2 2 2 1 1 1 2 2 2 1 2
 2 2 2 1 1 1 2 2 1 1 1 1 1 2 1 1 1 1 1 2 1 1 1 2 1 2 2 1 1 1 2 1 1 2 2 1 2
 1 1 2 1 2 1 2 1 1 1 1 1 2 1 1 2 2 1 2 2 2 2 2 2 0 1 1 2 1 1 1 1 1 1 1 1 2
 1 0 1 1 2 2 1 1 2 2 2 1 2 1 1 1 1 1 1 2 2 1 1 1 2 2 1 1 2 1 2 1 1 1 2 1 1
 2 2 1 0 2 2 2 1 1 2 1 1 1 2 1 2 2 1 2 1 1 1 2 2 2 2 1 1 2 1 2 1 1 1 2 1 1
 1 1 1 2 2 0 1 2 1 1 1 1 1 2 1 1 2 1 1 1 2 2 1 1 1 1 1 1 2 1 2 2 1 1 1 2 1
 2 1 1 1 2 1 2 1 2 1 1 2 1 1 2 2 1 1 1 1 2 2 1 1 2 2 2 1 1 1 1 1 1 1 1 2 2
 2 2 2 1 2 2 1 1 2 2 2 2 1 1 2 1 2 2 2 2 1 1 2 1 2 1 1 1 2 2 2 1 1 1 2 2 2
 2 1 2 1 1 2 2 2 1 2 2 1 1 2 2 1 1 1 2 1 1 2 1 2 1 2 1 1 1 1 1 1 1 1 2 2 1
 1 2 1 1 1 0 2 2 2 1 2 2 1 2 2 2 1 1 1 2 1 1 2 2 1 1 1 2 2 1 2 1 1 2 1 1 2
 2 1 2 1 1 1 2 2 2 2 1 2 1 1 1 1 1 2 2 1 1 2 2 1 0 2 2 2 1 1 2 2 1 1 2 2 2
 1 1 1 2 1 1 2 1 1 2 1 2 1 1 1 1 2 2 1 1 1 1 2 1 2 2 2 2 1 1 2 1 2 1 2 1 2
 2 2 2]
{'accuracy': 0.7293064876957495, 'precision': 0.7077267402945114, 'Recall': 0.5792000813575081, 'F1': 0.6117915838715019, 'AUC': 0.8312698853730822, 'Confusion_matrix': array([[0.25      , 0.5625    , 0.1875    ],
       [0.0083682 , 0.77405858, 0.21757322],
       [0.        , 0.28645833, 0.71354167]])}
mcc	 0.4771842564278707
