accuracy   0.6241610738255033
precision   0.6167684353271734
Recall   0.5757796107422055
F1   0.5850202914114581
AUC   0.7539557589864913
Confusion_matrix   [[0.44339623 0.26415094 0.29245283]
 [0.08208955 0.46268657 0.45522388]
 [0.06763285 0.11111111 0.82125604]]
[0 2 1 2 2 1 0 1 2 2 2 2 0 0 2 1 2 2 2 1 0 1 2 1 2 2 2 2 2 1 1 2 0 2 2 2 1
 0 1 2 0 1 1 2 2 2 1 2 1 2 2 2 0 0 2 2 1 2 2 2 2 2 2 1 2 0 2 2 0 0 1 2 2 2
 2 2 2 2 2 2 0 2 2 2 2 2 2 2 2 2 2 0 2 2 1 2 2 2 0 2 2 2 0 2 1 2 2 2 0 2 2
 2 2 2 2 2 2 0 0 1 2 1 2 2 2 1 2 1 0 2 0 0 2 2 1 2 2 0 1 2 2 2 1 0 2 1 2 2
 2 2 0 2 1 1 2 2 2 1 1 0 2 2 2 1 0 1 2 1 2 0 0 2 2 0 2 1 1 2 2 2 2 2 0 0 1
 1 2 2 2 0 2 2 2 1 1 2 2 1 1 1 2 0 2 2 2 1 2 2 2 2 1 0 1 2 0 1 2 0 1 1 2 2
 2 2 1 2 1 2 2 2 2 2 0 0 2 0 2 1 1 2 1 2 2 1 0 2 2 1 2 0 1 1 0 1 1 2 2 2 2
 2 1 2 2 2 0 1 0 2 0 2 1 2 1 1 1 2 1 2 2 2 1 0 2 2 2 2 2 2 2 0 1 2 2 2 2 2
 1 2 0 2 2 0 0 2 1 0 2 2 2 2 0 2 2 1 2 2 1 2 2 1 2 1 1 1 1 0 1 2 2 2 0 0 1
 1 2 1 2 2 2 2 2 0 2 1 1 2 0 1 2 2 2 1 1 1 1 1 0 2 2 2 2 2 1 2 2 2 2 2 2 2
 2 0 2 1 2 2 1 2 1 2 2 2 1 2 1 2 2 2 2 0 2 2 0 2 2 2 2 1 2 2 2 1 2 2 2 0 2
 1 0 0 1 1 1 2 0 2 0 2 1 1 1 2 1 2 2 0 2 1 2 1 0 2 2 0 2 0 2 1 2 1 2 2 1 2
 1 2 2]
{'accuracy': 0.6241610738255033, 'precision': 0.6167684353271734, 'Recall': 0.5757796107422055, 'F1': 0.5850202914114581, 'AUC': 0.7539557589864913, 'Confusion_matrix': array([[0.44339623, 0.26415094, 0.29245283],
       [0.08208955, 0.46268657, 0.45522388],
       [0.06763285, 0.11111111, 0.82125604]])}
mcc	 0.3966492345265279
