accuracy   0.6733780760626398
precision   0.6148766439340055
Recall   0.5003341469084147
F1   0.5197374409740001
AUC   0.7445508175703162
Confusion_matrix   [[0.125      0.625      0.25      ]
 [0.0083682  0.74058577 0.25104603]
 [0.         0.36458333 0.63541667]]
[1 1 2 1 2 1 1 1 1 2 1 1 2 2 1 1 1 2 1 2 2 1 2 2 2 2 2 2 2 1 1 1 1 1 2 2 2
 2 2 1 1 1 1 2 2 1 1 2 1 1 2 1 1 1 1 1 2 2 1 1 2 1 2 2 1 1 1 2 1 1 2 2 2 2
 1 2 2 1 2 1 1 1 1 1 1 1 2 1 1 2 2 1 2 2 2 2 2 2 0 1 1 2 1 1 1 1 1 1 1 1 2
 1 1 1 1 2 2 1 1 2 2 2 2 2 1 1 1 1 1 1 2 2 1 2 2 2 2 1 1 1 1 2 1 1 1 2 1 1
 1 2 2 0 1 2 2 1 1 1 2 1 2 2 1 2 2 1 2 2 1 1 2 2 2 2 1 1 2 1 2 1 1 1 2 1 2
 2 1 1 1 2 0 1 2 2 2 2 1 1 1 1 1 2 1 1 1 2 1 1 1 1 1 1 1 2 2 2 1 1 1 1 2 1
 2 1 1 1 2 1 2 1 1 1 1 2 1 1 2 2 2 1 1 1 1 2 1 1 2 2 1 1 2 1 1 1 1 1 1 2 1
 2 2 2 1 2 2 1 1 2 2 2 2 1 1 2 1 2 2 2 2 2 1 2 1 2 1 1 1 2 2 2 1 1 1 2 2 2
 2 1 2 1 1 2 1 2 1 2 2 1 1 2 1 1 1 1 1 1 2 2 2 2 1 2 1 1 1 1 1 1 1 1 1 2 2
 1 2 1 1 1 0 2 2 2 1 2 2 1 1 2 1 1 1 1 2 1 1 2 1 1 2 1 2 2 2 2 1 1 2 1 1 2
 2 1 2 1 1 1 2 2 1 1 1 2 1 1 1 1 1 2 2 1 1 2 1 1 1 1 2 2 1 1 1 1 1 1 1 2 1
 1 1 1 2 1 1 2 1 1 2 1 2 1 1 1 1 1 2 1 1 1 1 2 1 2 1 2 2 1 1 2 1 2 1 2 1 2
 2 2 2]
{'accuracy': 0.6733780760626398, 'precision': 0.6148766439340055, 'Recall': 0.5003341469084147, 'F1': 0.5197374409740001, 'AUC': 0.7445508175703162, 'Confusion_matrix': array([[0.125     , 0.625     , 0.25      ],
       [0.0083682 , 0.74058577, 0.25104603],
       [0.        , 0.36458333, 0.63541667]])}
mcc	 0.36505577583983373
