accuracy   0.6868008948545862
precision   0.6776613897414784
Recall   0.6403811767885573
F1   0.6501576940687602
AUC   0.8373870439072526
Confusion_matrix   [[0.50943396 0.19811321 0.29245283]
 [0.11940299 0.53731343 0.34328358]
 [0.05797101 0.06763285 0.87439614]]
[0 2 0 2 2 0 0 1 1 1 2 2 0 0 2 0 2 2 2 1 0 1 2 1 2 2 2 2 2 2 0 2 0 2 2 2 1
 0 1 2 0 0 2 2 2 2 1 2 1 2 2 2 0 2 2 2 0 2 2 2 2 1 0 1 2 0 2 2 0 1 1 2 2 2
 2 2 2 1 2 2 0 2 2 2 2 2 2 2 2 1 1 0 2 2 0 2 2 2 2 2 2 2 2 2 0 1 2 2 0 2 2
 2 0 2 2 2 2 1 1 1 2 0 1 2 2 1 2 1 0 2 0 1 2 2 2 2 2 0 1 1 2 2 1 0 2 1 2 0
 2 2 0 1 2 1 2 2 2 2 2 0 2 1 2 1 0 1 2 1 2 2 0 2 2 1 2 1 2 2 0 2 2 2 0 1 1
 1 2 2 2 2 2 2 2 1 0 2 2 1 1 0 2 0 2 2 2 1 2 2 2 2 0 1 2 2 2 1 2 2 1 2 1 0
 2 2 2 2 1 2 2 2 2 1 0 2 2 1 2 1 2 2 0 2 2 1 0 2 2 1 2 0 1 1 0 0 1 2 2 2 2
 0 1 2 2 2 0 0 0 2 0 1 0 2 1 1 2 2 1 2 2 2 1 1 2 0 2 2 2 2 2 1 1 2 2 2 2 2
 1 2 0 1 2 0 0 2 1 0 2 2 1 2 0 2 2 1 2 2 1 0 2 1 2 1 1 1 1 1 1 2 1 2 0 0 1
 1 2 0 2 2 2 2 2 0 2 1 1 1 0 1 2 2 2 0 1 0 1 2 2 2 2 2 2 2 1 2 2 2 2 2 2 2
 2 0 2 0 2 2 1 2 0 2 2 2 1 2 0 2 2 2 2 2 2 2 0 2 2 2 2 0 2 2 2 1 2 0 2 0 2
 1 1 0 1 0 1 2 0 2 1 2 1 1 1 2 2 2 1 0 2 1 1 1 1 2 2 0 2 0 2 1 2 1 2 2 0 2
 2 2 2]
{'accuracy': 0.6868008948545862, 'precision': 0.6776613897414784, 'Recall': 0.6403811767885573, 'F1': 0.6501576940687602, 'AUC': 0.8373870439072526, 'Confusion_matrix': array([[0.50943396, 0.19811321, 0.29245283],
       [0.11940299, 0.53731343, 0.34328358],
       [0.05797101, 0.06763285, 0.87439614]])}
mcc	 0.5013692524080184
