accuracy   0.7404921700223713
precision   0.7140831296324145
Recall   0.6630248642133192
F1   0.674562427951987
AUC   0.8421693110026848
Confusion_matrix   [[0.77272727 0.02597403 0.2012987 ]
 [0.31578947 0.36842105 0.31578947]
 [0.10138249 0.05069124 0.84792627]]
[2 0 2 2 2 2 1 0 2 1 0 2 2 0 2 0 0 2 2 2 0 0 0 2 2 2 1 2 2 0 1 0 2 2 2 2 2
 2 2 2 1 2 0 2 0 0 1 2 2 0 2 2 1 2 2 1 0 2 0 2 2 0 2 1 0 2 0 0 2 2 2 0 0 2
 0 1 0 2 2 2 2 2 0 2 2 2 2 2 2 2 2 2 2 0 0 2 1 2 0 0 0 2 0 0 1 1 2 2 0 0 2
 1 0 0 2 2 2 0 0 0 2 2 0 0 0 2 0 0 0 0 2 2 2 2 2 0 2 1 0 1 2 2 2 0 0 2 2 2
 0 2 0 0 0 2 2 1 0 2 0 0 1 0 2 0 2 0 0 0 2 0 2 2 2 2 1 0 2 2 1 0 2 0 2 0 1
 2 1 0 2 0 0 2 0 0 0 0 2 0 2 2 2 2 2 2 0 2 2 0 1 2 1 2 0 1 0 2 0 0 2 0 2 1
 0 0 2 0 2 0 2 2 2 0 2 2 0 0 2 2 2 0 2 2 2 2 2 0 2 2 2 0 0 0 2 0 0 0 2 2 2
 2 2 0 0 2 0 2 2 0 0 2 0 0 0 2 0 0 2 2 2 2 0 2 0 2 2 0 1 1 2 0 0 0 2 2 0 2
 2 1 2 0 2 0 2 0 0 0 2 0 1 2 0 0 2 2 1 2 2 2 2 2 2 0 1 0 1 0 2 2 0 2 0 0 2
 2 2 2 0 2 0 2 2 2 2 2 2 0 1 2 0 2 0 2 2 0 0 2 2 0 2 0 2 2 2 2 2 0 1 2 2 2
 2 0 2 2 1 2 2 2 2 1 2 2 0 2 2 2 0 2 0 2 0 2 2 0 0 2 2 2 2 0 2 0 2 0 0 2 0
 0 2 2 0 0 2 2 2 1 2 1 0 2 2 1 0 0 2 0 2 0 0 2 2 0 1 2 2 2 0 0 1 0 1 2 0 2
 2 2 2]
{'accuracy': 0.7404921700223713, 'precision': 0.7140831296324145, 'Recall': 0.6630248642133192, 'F1': 0.674562427951987, 'AUC': 0.8421693110026848, 'Confusion_matrix': array([[0.77272727, 0.02597403, 0.2012987 ],
       [0.31578947, 0.36842105, 0.31578947],
       [0.10138249, 0.05069124, 0.84792627]])}
mcc	 0.5697605240971022
