accuracy   0.7897091722595079
precision   0.8021942913988368
Recall   0.7278313084764698
F1   0.7493799903963737
AUC   0.8818367793173759
Confusion_matrix   [[0.7987013  0.01948052 0.18181818]
 [0.21052632 0.5        0.28947368]
 [0.09677419 0.01843318 0.88479263]]
[2 0 2 2 2 2 1 0 2 2 0 2 2 0 2 1 1 2 2 2 0 0 0 2 2 2 1 2 2 0 2 0 2 2 2 2 2
 2 2 2 1 2 1 2 0 0 1 2 2 0 2 2 1 2 2 2 0 2 0 2 2 0 2 1 0 2 0 0 2 2 2 0 0 2
 0 0 0 2 2 2 2 2 0 2 2 1 2 2 2 2 2 2 2 0 0 2 1 2 0 0 0 2 0 0 1 1 2 0 0 0 2
 1 0 0 2 2 2 0 0 0 2 2 0 0 0 2 0 1 0 0 0 2 2 2 2 0 2 2 0 1 2 2 2 0 0 2 2 2
 0 2 0 0 2 2 2 1 0 2 0 0 1 0 2 0 2 0 0 0 2 0 2 2 0 2 1 0 2 2 2 0 2 0 2 0 1
 2 1 0 2 0 0 2 0 0 2 0 2 0 2 2 2 2 2 2 0 2 2 0 1 2 1 2 0 1 0 2 0 0 2 0 2 1
 0 0 0 0 2 1 2 2 2 0 2 2 0 0 2 2 2 0 2 2 2 2 2 0 2 2 2 0 0 2 2 0 0 0 2 2 2
 2 2 0 0 2 0 2 2 0 0 2 0 0 0 2 0 0 2 2 2 2 0 2 2 2 1 0 1 1 2 0 0 0 2 2 0 2
 0 1 2 0 2 0 2 0 0 0 2 0 1 2 0 0 2 2 1 2 2 2 2 2 2 0 1 0 1 0 2 2 0 2 0 0 2
 1 2 2 0 2 0 2 2 2 1 2 2 0 2 2 0 2 1 2 2 0 0 2 2 0 2 1 2 2 2 2 2 0 2 2 2 2
 2 0 2 2 1 2 2 2 2 2 2 0 0 2 2 2 0 2 0 2 0 2 2 0 0 2 2 2 2 0 2 0 2 0 0 2 0
 0 2 2 0 1 2 0 2 1 2 1 0 2 2 2 0 0 2 0 2 0 0 2 2 0 2 2 2 2 0 0 1 1 1 2 0 2
 2 2 2]
{'accuracy': 0.7897091722595079, 'precision': 0.8021942913988368, 'Recall': 0.7278313084764698, 'F1': 0.7493799903963737, 'AUC': 0.8818367793173759, 'Confusion_matrix': array([[0.7987013 , 0.01948052, 0.18181818],
       [0.21052632, 0.5       , 0.28947368],
       [0.09677419, 0.01843318, 0.88479263]])}
mcc	 0.6525756012423751
