accuracy   0.7718120805369127
precision   0.8465372974897631
Recall   0.6560161977449609
F1   0.708199624353735
AUC   0.8849068520183545
Confusion_matrix   [[0.69945355 0.30054645 0.        ]
 [0.14049587 0.85950413 0.        ]
 [0.09090909 0.5        0.40909091]]
[1 1 1 1 1 0 1 1 1 0 1 0 1 0 0 0 1 1 1 2 0 1 1 1 0 1 0 0 0 1 0 1 0 0 1 0 1
 1 1 0 0 1 0 1 0 1 1 0 1 0 1 1 1 1 1 1 1 1 1 1 1 1 1 0 2 1 1 1 0 0 1 1 0 1
 0 1 1 0 0 1 1 1 0 1 1 1 0 1 1 0 0 1 0 1 0 1 0 2 0 2 0 1 1 0 1 1 1 0 0 1 1
 0 0 1 1 0 0 0 0 1 0 1 0 1 0 0 1 1 1 0 0 1 1 1 0 1 1 1 1 1 1 0 0 1 0 0 0 1
 1 0 0 1 1 0 0 1 1 0 0 1 1 0 1 0 1 1 0 1 1 2 1 1 0 1 1 0 1 1 1 1 1 0 1 1 0
 1 1 1 1 0 1 0 1 0 0 1 0 0 1 1 1 0 1 1 0 1 1 0 1 1 0 0 0 1 1 0 0 1 0 1 0 1
 0 0 1 1 1 1 0 1 0 1 1 1 1 0 1 1 1 0 1 0 0 1 1 1 1 1 0 1 1 0 1 0 0 0 1 1 1
 1 0 0 1 1 0 1 1 0 0 1 1 0 0 0 1 1 1 1 1 1 1 0 1 1 0 1 0 1 1 1 1 1 1 0 0 0
 0 1 1 0 1 2 1 1 0 1 0 1 0 1 0 1 0 1 1 1 1 1 1 1 1 1 0 1 1 1 1 0 1 1 1 0 0
 0 0 1 1 1 1 0 0 2 1 1 0 1 1 1 1 0 0 0 0 1 1 1 1 1 0 1 0 1 1 0 0 1 0 1 0 1
 0 1 1 1 1 1 1 1 0 0 1 0 1 1 1 1 0 1 1 1 1 1 1 0 0 0 1 1 1 1 1 1 1 0 1 0 1
 0 0 1 0 1 1 1 0 1 1 0 1 1 0 1 0 0 1 1 0 1 1 1 1 1 2 0 1 0 1 0 1 1 1 0 1 2
 1 0 1]
{'accuracy': 0.7718120805369127, 'precision': 0.8465372974897631, 'Recall': 0.6560161977449609, 'F1': 0.708199624353735, 'AUC': 0.8849068520183545, 'Confusion_matrix': array([[0.69945355, 0.30054645, 0.        ],
       [0.14049587, 0.85950413, 0.        ],
       [0.09090909, 0.5       , 0.40909091]])}
mcc	 0.5634278783516125
