accuracy   0.7315436241610739
precision   0.8177196804647785
Recall   0.6014541841665537
F1   0.6497245744602912
AUC   0.8455127757729032
Confusion_matrix   [[0.67213115 0.32786885 0.        ]
 [0.18595041 0.81404959 0.        ]
 [0.09090909 0.59090909 0.31818182]]
[1 0 0 1 1 0 1 1 1 0 1 0 1 0 0 0 1 1 1 2 0 1 1 1 0 1 0 0 0 1 0 1 0 0 1 0 1
 1 1 0 0 1 0 1 0 1 1 0 1 0 1 1 1 1 1 1 1 1 1 1 1 1 1 0 1 1 1 1 0 0 1 1 0 1
 0 1 1 0 0 1 1 1 0 1 1 1 0 1 1 0 0 1 0 1 1 1 0 2 1 1 0 1 1 0 1 1 1 0 0 1 1
 1 0 1 1 0 0 0 0 1 0 1 0 1 0 0 1 1 1 0 0 1 1 1 0 1 1 1 1 1 1 1 0 1 1 0 0 1
 1 0 0 1 1 0 0 1 0 1 0 1 1 0 0 0 1 1 0 1 1 2 1 1 0 1 1 0 1 1 1 1 1 0 1 1 0
 1 1 1 1 0 1 0 1 0 0 1 0 0 1 1 1 0 1 1 0 1 1 0 1 0 0 0 0 1 1 0 1 1 0 1 0 1
 0 0 1 0 1 1 0 1 0 1 1 1 1 0 1 1 1 0 1 0 0 1 1 1 1 1 1 1 1 0 1 1 1 0 1 1 1
 1 0 0 1 1 0 1 1 0 0 1 0 0 0 0 1 1 1 1 1 1 0 0 1 1 0 1 0 1 0 1 1 1 1 1 1 0
 0 1 1 0 1 2 1 1 0 1 0 1 0 0 0 0 0 1 1 1 1 1 1 1 1 1 0 1 0 1 1 0 1 1 1 1 0
 0 0 1 1 1 1 0 0 2 0 1 0 1 1 1 1 0 0 0 0 1 1 1 1 1 0 1 1 0 1 0 0 1 0 1 0 1
 0 1 1 1 1 1 0 0 0 0 0 0 1 1 1 1 0 1 1 1 1 1 1 0 0 0 1 1 0 1 1 1 1 0 1 0 1
 0 0 1 0 1 1 1 0 0 1 0 1 1 0 1 0 0 0 1 0 1 1 1 1 1 2 0 1 0 1 0 1 1 1 0 1 2
 1 0 1]
{'accuracy': 0.7315436241610739, 'precision': 0.8177196804647785, 'Recall': 0.6014541841665537, 'F1': 0.6497245744602912, 'AUC': 0.8455127757729032, 'Confusion_matrix': array([[0.67213115, 0.32786885, 0.        ],
       [0.18595041, 0.81404959, 0.        ],
       [0.09090909, 0.59090909, 0.31818182]])}
mcc	 0.4835123076699335
