accuracy   0.6823266219239373
precision   0.6783675444052802
Recall   0.588639854768887
F1   0.598406995401992
AUC   0.7807287253533918
Confusion_matrix   [[0.68181818 0.01298701 0.30519481]
 [0.32894737 0.25       0.42105263]
 [0.13364055 0.03225806 0.83410138]]
[2 0 2 2 2 2 1 0 2 2 0 2 2 0 2 0 0 2 2 2 0 0 0 2 2 2 1 2 2 2 1 2 2 2 2 2 2
 2 2 1 1 2 0 1 0 0 2 2 2 0 2 2 2 2 2 2 0 2 0 2 2 0 2 2 0 2 0 0 2 2 2 0 0 2
 0 0 0 2 2 2 2 2 0 2 2 2 2 2 2 2 2 2 2 0 0 2 2 2 0 0 0 2 0 0 2 1 2 2 0 0 2
 2 0 0 2 2 2 0 0 0 2 2 0 0 0 2 0 0 0 0 2 2 2 0 2 0 0 2 0 2 2 2 2 0 0 2 2 2
 0 2 0 0 0 2 2 2 0 2 0 0 2 0 2 0 1 0 0 0 2 0 2 2 0 2 1 0 2 2 2 0 2 0 2 0 1
 2 2 0 2 0 0 2 0 0 0 0 2 0 0 2 2 2 1 2 0 2 1 0 1 2 1 2 0 1 2 2 0 0 0 2 1 2
 0 0 2 0 2 2 2 2 2 0 2 2 2 0 2 2 2 0 2 2 2 2 2 0 0 2 2 2 2 0 2 0 2 0 1 2 2
 2 2 0 0 2 2 2 2 0 0 0 0 0 2 2 0 0 2 2 2 2 0 1 0 2 2 2 1 1 2 0 0 0 2 2 0 2
 2 1 2 2 2 0 2 0 0 0 2 0 1 2 0 0 2 2 1 2 2 2 2 2 2 0 1 0 1 0 2 2 0 2 0 0 2
 2 2 2 0 2 0 2 2 2 2 0 2 0 2 2 0 2 0 2 2 0 2 2 2 0 2 0 2 2 2 2 2 0 2 2 2 2
 1 0 0 2 2 2 2 2 2 2 2 0 0 2 2 2 2 2 0 2 0 2 2 0 0 2 2 2 2 0 2 0 2 2 0 2 0
 0 2 2 0 0 2 2 2 1 2 1 0 2 2 2 0 0 2 0 2 0 0 2 2 2 2 2 2 2 2 0 2 0 2 2 0 2
 2 2 0]
{'accuracy': 0.6823266219239373, 'precision': 0.6783675444052802, 'Recall': 0.588639854768887, 'F1': 0.598406995401992, 'AUC': 0.7807287253533918, 'Confusion_matrix': array([[0.68181818, 0.01298701, 0.30519481],
       [0.32894737, 0.25      , 0.42105263],
       [0.13364055, 0.03225806, 0.83410138]])}
mcc	 0.4660504505831599
