accuracy   0.7494407158836689
precision   0.7369586791771923
Recall   0.7194112382807537
F1   0.7252488705903736
AUC   0.8689766596751184
Confusion_matrix   [[0.57575758 0.33333333 0.09090909]
 [0.08053691 0.73825503 0.18120805]
 [0.05527638 0.10050251 0.84422111]]
[1 1 2 2 0 1 2 2 2 2 0 2 2 0 1 2 0 1 2 0 2 0 1 1 0 0 2 0 2 2 2 2 2 2 2 1 1
 2 0 1 2 2 1 2 1 1 1 1 0 1 1 2 0 1 2 0 0 1 2 2 0 2 1 2 2 0 2 2 0 1 0 2 0 2
 2 1 2 2 0 1 2 2 2 2 2 2 0 2 0 2 2 0 1 2 1 1 1 1 2 0 2 2 1 2 2 2 1 1 1 1 1
 1 2 1 0 2 2 2 1 2 1 1 0 2 0 0 2 1 2 0 0 2 0 1 1 0 1 0 2 1 1 0 0 1 0 2 2 2
 0 1 2 2 2 2 2 2 1 1 2 0 1 1 1 2 0 1 2 1 1 1 2 1 1 2 2 1 1 0 1 2 2 2 2 2 0
 2 1 0 1 1 1 2 0 1 2 2 2 2 2 2 2 1 1 1 1 1 2 0 0 1 2 2 2 2 1 0 1 2 2 1 2 0
 2 1 0 1 2 1 2 2 1 1 2 0 1 0 2 2 1 2 2 1 0 2 1 1 1 0 1 2 1 2 2 2 2 1 1 2 1
 2 2 2 2 1 1 0 2 1 2 2 2 1 1 2 1 2 1 1 1 0 1 2 1 2 2 2 2 1 2 2 0 2 2 2 0 1
 1 2 2 2 2 2 2 2 1 1 2 1 2 2 0 2 2 0 2 2 1 0 2 1 0 0 2 1 2 0 1 2 0 1 0 2 1
 1 2 1 2 0 2 0 1 1 1 2 1 1 1 0 2 1 2 2 2 2 2 1 2 1 0 2 2 2 1 0 1 2 2 2 2 1
 0 1 2 0 0 2 2 2 1 1 1 1 2 2 0 2 1 2 2 1 0 2 2 1 2 1 2 1 1 1 1 1 2 2 1 2 2
 2 1 0 0 2 1 2 1 1 1 2 2 1 1 2 2 1 2 1 0 1 1 1 1 0 2 1 2 1 2 2 1 1 1 2 2 1
 1 0 0]
{'accuracy': 0.7494407158836689, 'precision': 0.7369586791771923, 'Recall': 0.7194112382807537, 'F1': 0.7252488705903736, 'AUC': 0.8689766596751184, 'Confusion_matrix': array([[0.57575758, 0.33333333, 0.09090909],
       [0.08053691, 0.73825503, 0.18120805],
       [0.05527638, 0.10050251, 0.84422111]])}
mcc	 0.6072471841534957
