accuracy   0.6823266219239373
precision   0.5655236329935125
Recall   0.488522780102278
F1   0.49602444710496957
AUC   0.7709668104951186
Confusion_matrix   [[0.0625     0.5625     0.375     ]
 [0.0083682  0.73640167 0.25523013]
 [0.         0.33333333 0.66666667]]
[1 1 2 2 2 1 1 1 1 2 2 1 2 2 1 1 1 2 1 2 2 1 2 2 1 2 2 2 2 1 1 1 2 2 2 2 2
 2 2 1 1 1 1 2 2 1 1 2 1 1 2 1 1 1 1 1 2 1 1 1 2 1 1 2 1 1 1 2 1 1 2 2 2 2
 1 2 2 1 2 1 2 2 1 2 1 2 2 1 1 1 2 1 2 2 2 2 2 2 2 1 1 2 1 1 2 1 1 1 1 1 1
 1 2 1 1 2 2 1 1 2 2 2 2 2 1 1 1 1 1 1 2 2 1 2 2 2 2 1 1 2 1 2 1 1 1 2 1 1
 1 2 1 2 1 2 1 1 2 2 1 1 2 2 1 2 2 1 2 1 1 1 2 2 2 2 1 1 2 1 2 1 1 1 2 1 2
 1 1 1 1 2 2 1 2 2 2 1 1 1 1 0 1 2 1 1 1 2 2 1 1 1 1 1 1 2 1 2 2 1 1 0 2 1
 2 1 1 1 2 1 2 1 1 1 1 2 1 1 2 2 2 1 1 1 2 2 1 1 2 2 1 1 1 1 1 1 1 1 1 2 1
 2 2 2 1 2 2 1 1 2 2 2 2 1 1 2 1 2 2 2 2 1 1 2 1 2 1 1 1 2 2 2 1 1 1 2 2 2
 2 1 2 1 1 2 2 2 1 2 2 1 1 2 2 1 1 1 2 1 2 2 1 2 1 2 1 1 1 1 1 1 1 1 2 2 1
 1 2 1 1 1 0 2 1 2 1 2 2 1 1 2 2 1 1 1 2 1 1 2 1 1 2 1 2 2 2 2 1 1 2 1 1 2
 2 1 2 1 1 1 2 2 2 1 1 2 1 1 1 1 1 2 2 1 1 2 1 1 2 1 2 2 1 1 1 1 1 1 1 1 2
 1 1 1 2 1 1 2 1 1 1 1 2 1 1 1 1 1 2 1 1 1 1 2 1 2 2 2 2 1 1 2 1 2 1 2 1 2
 2 2 2]
{'accuracy': 0.6823266219239373, 'precision': 0.5655236329935125, 'Recall': 0.488522780102278, 'F1': 0.49602444710496957, 'AUC': 0.7709668104951186, 'Confusion_matrix': array([[0.0625    , 0.5625    , 0.375     ],
       [0.0083682 , 0.73640167, 0.25523013],
       [0.        , 0.33333333, 0.66666667]])}
mcc	 0.3832792927827094
