accuracy   0.9261744966442953
precision   0.7645916619074815
Recall   0.707583180547624
F1   0.7260827898309596
AUC   0.9178413633494635
Confusion_matrix   [[0.28571429 0.42857143 0.28571429]
 [0.0058309  0.95043732 0.04373178]
 [0.         0.11340206 0.88659794]]
[2 1 1 1 1 2 1 2 1 2 1 1 1 1 2 1 1 1 2 1 2 2 2 2 1 1 1 1 1 2 2 2 1 1 1 2 1
 2 1 2 1 1 1 2 0 2 2 1 1 2 1 1 2 1 1 1 1 1 1 1 1 1 2 1 1 2 1 1 1 2 1 1 1 1
 2 1 1 1 2 1 1 1 1 1 1 1 1 1 1 1 1 2 2 1 1 1 1 1 1 1 1 1 2 1 1 1 1 2 1 2 1
 2 1 1 1 2 0 2 1 1 1 1 2 1 1 1 1 1 1 1 1 1 1 1 1 2 2 1 1 1 1 1 1 1 1 1 2 1
 1 1 2 2 1 1 1 2 1 1 1 2 1 1 1 1 1 2 1 2 1 2 1 1 1 1 1 1 2 1 1 1 1 1 2 1 1
 1 1 1 1 1 1 1 2 1 1 1 1 1 0 2 1 1 2 1 2 1 1 2 2 1 1 1 2 1 1 1 1 1 1 1 2 1
 2 1 1 1 1 1 1 1 1 1 1 2 1 1 1 1 1 1 1 1 1 1 2 2 1 2 1 1 1 1 1 1 1 1 1 1 1
 1 1 1 1 1 1 1 2 2 1 2 1 2 1 1 1 1 1 1 2 1 1 2 1 1 1 1 1 1 2 2 1 1 1 1 2 2
 1 2 1 1 2 1 1 1 1 1 1 1 1 2 1 1 2 1 1 1 1 2 2 2 1 1 1 1 1 1 1 1 1 1 1 1 1
 2 1 1 1 1 1 1 2 1 1 2 1 1 1 1 2 1 2 1 1 1 1 1 2 1 1 1 1 1 1 2 1 1 1 1 1 1
 1 1 1 2 1 2 1 1 1 2 1 0 1 2 1 1 1 1 1 1 1 1 1 1 1 1 1 1 1 2 2 1 2 2 1 1 1
 2 1 2 2 1 1 2 2 2 1 1 1 2 1 1 1 1 1 1 1 1 1 2 1 1 1 2 2 1 1 1 2 1 1 1 1 1
 1 1 1]
{'accuracy': 0.9261744966442953, 'precision': 0.7645916619074815, 'Recall': 0.707583180547624, 'F1': 0.7260827898309596, 'AUC': 0.9178413633494635, 'Confusion_matrix': array([[0.28571429, 0.42857143, 0.28571429],
       [0.0058309 , 0.95043732, 0.04373178],
       [0.        , 0.11340206, 0.88659794]])}
mcc	 0.7987102232727487
