accuracy   0.7762863534675615
precision   0.7775439983507924
Recall   0.7451497198554634
F1   0.7557748618866262
AUC   0.8844219969983014
Confusion_matrix   [[0.60606061 0.3030303  0.09090909]
 [0.04697987 0.74496644 0.20805369]
 [0.03517588 0.08040201 0.88442211]]
[1 1 2 2 0 1 2 2 2 2 0 2 2 2 2 2 0 1 2 1 2 0 1 1 0 0 2 0 2 2 2 2 2 2 2 1 1
 2 0 1 2 2 1 2 1 1 1 1 0 1 1 2 0 0 2 1 0 1 2 2 0 2 1 2 2 0 2 2 0 1 0 2 2 2
 2 1 2 2 2 1 2 2 2 2 2 2 0 2 0 2 2 0 1 2 2 1 1 1 2 1 2 2 1 2 2 2 1 1 1 1 1
 1 2 1 0 2 2 2 1 2 1 1 0 2 0 0 2 1 2 0 0 2 1 1 1 0 1 0 2 1 1 0 0 1 0 2 2 2
 0 2 2 2 2 2 2 2 1 0 2 0 1 1 1 2 0 1 2 1 1 1 2 1 1 2 1 1 1 1 1 2 1 2 2 2 0
 2 0 0 2 1 1 2 0 1 0 2 2 0 2 2 2 1 2 1 1 1 2 0 1 1 2 2 2 2 1 0 1 2 2 1 2 0
 2 1 0 1 2 1 2 2 1 1 2 0 1 0 2 2 1 2 2 1 0 2 1 1 1 0 1 2 1 2 2 2 2 1 0 2 1
 2 2 2 2 1 1 0 2 1 2 2 2 1 2 2 2 2 1 1 1 2 1 2 1 2 2 2 2 1 2 2 2 2 2 2 0 1
 1 2 2 2 2 2 2 2 1 1 2 1 2 2 0 2 2 0 2 2 1 1 2 1 0 0 2 0 2 0 1 2 0 1 0 2 1
 0 2 1 2 1 2 0 1 1 1 2 1 1 1 0 2 1 2 2 2 2 2 1 2 2 0 2 2 2 1 0 2 2 2 2 2 1
 1 1 2 2 0 2 2 2 1 1 1 1 2 2 0 2 1 2 2 0 0 2 2 1 2 1 2 1 1 1 1 1 2 2 1 2 2
 2 1 0 0 2 1 2 1 1 1 2 2 1 1 2 2 1 2 1 1 0 0 1 1 1 2 1 1 2 2 2 1 2 1 2 2 1
 1 0 0]
{'accuracy': 0.7762863534675615, 'precision': 0.7775439983507924, 'Recall': 0.7451497198554634, 'F1': 0.7557748618866262, 'AUC': 0.8844219969983014, 'Confusion_matrix': array([[0.60606061, 0.3030303 , 0.09090909],
       [0.04697987, 0.74496644, 0.20805369],
       [0.03517588, 0.08040201, 0.88442211]])}
mcc	 0.6481869130632856
