accuracy   0.6644295302013423
precision   0.440826820238585
Recall   0.4551952580195258
F1   0.4475547400870343
AUC   0.7316966036872384
Confusion_matrix   [[0.         0.6875     0.3125    ]
 [0.         0.74058577 0.25941423]
 [0.         0.375      0.625     ]]
[1 1 2 2 2 1 1 1 1 2 1 1 2 2 1 1 1 1 1 2 2 1 2 2 2 2 2 2 2 1 1 1 2 2 2 2 2
 2 2 1 1 1 1 2 2 1 1 2 1 1 2 1 1 1 1 1 2 1 1 1 2 1 1 2 1 1 1 2 2 2 2 2 2 2
 1 1 2 1 2 1 2 1 1 1 1 2 2 1 1 1 2 1 2 2 2 2 1 2 1 1 1 2 1 1 2 1 1 1 1 1 1
 1 2 1 1 2 1 1 2 2 2 2 2 2 1 1 1 1 1 1 2 2 1 2 2 2 2 1 1 2 1 2 1 1 1 2 1 1
 1 2 1 1 1 2 2 2 2 2 1 2 2 2 1 2 2 1 2 1 1 1 2 2 2 2 1 1 1 1 2 1 1 1 2 1 2
 1 1 1 1 1 1 1 2 2 2 1 2 1 2 1 1 2 1 1 1 2 1 1 1 1 1 1 1 1 1 2 1 1 1 1 2 1
 2 1 1 1 2 1 2 1 2 1 1 2 1 1 2 2 2 1 1 1 1 2 1 1 2 2 1 1 1 1 1 1 1 1 1 2 1
 2 2 2 1 2 2 1 1 2 2 2 2 1 1 2 1 2 2 2 2 1 1 2 1 2 1 1 1 1 2 2 1 1 1 2 2 1
 1 2 2 1 1 2 2 2 1 1 2 1 1 1 1 1 1 1 2 1 2 2 1 2 1 2 2 1 1 1 1 1 1 1 2 2 2
 1 2 1 1 1 1 2 1 2 1 2 2 1 1 2 2 1 1 1 2 1 1 2 1 1 2 1 2 2 2 2 1 1 1 1 1 2
 1 1 2 1 1 1 2 2 2 2 1 2 1 1 1 1 1 1 2 1 1 2 1 1 2 2 2 2 1 1 2 2 1 1 1 2 2
 1 1 1 2 1 1 2 1 1 1 1 2 1 1 1 1 1 2 1 1 1 1 1 1 2 1 2 2 1 1 2 2 2 1 2 1 2
 2 2 2]
{'accuracy': 0.6644295302013423, 'precision': 0.440826820238585, 'Recall': 0.4551952580195258, 'F1': 0.4475547400870343, 'AUC': 0.7316966036872384, 'Confusion_matrix': array([[0.        , 0.6875    , 0.3125    ],
       [0.        , 0.74058577, 0.25941423],
       [0.        , 0.375     , 0.625     ]])}
mcc	 0.34263249408469754
