accuracy   0.7360178970917226
precision   0.7120387940122285
Recall   0.5823599488609948
F1   0.6153034749525977
AUC   0.850554838229312
Confusion_matrix   [[0.25       0.375      0.375     ]
 [0.0083682  0.79916318 0.19246862]
 [0.         0.30208333 0.69791667]]
[1 1 2 2 2 1 1 1 1 2 2 2 2 2 1 1 1 2 1 2 1 1 1 2 1 2 1 2 2 1 1 1 2 2 2 2 2
 2 2 2 1 1 1 2 2 1 1 2 1 1 2 1 1 1 1 1 2 1 1 1 2 1 1 2 1 1 1 2 1 1 2 2 1 2
 1 1 2 1 2 1 2 2 1 1 1 2 2 1 1 2 2 1 2 2 2 2 1 2 0 1 1 1 1 1 2 1 1 1 1 2 1
 1 0 1 1 2 2 1 1 2 2 2 2 2 1 1 1 1 1 1 1 2 1 1 2 2 2 1 1 2 1 2 1 1 1 2 1 1
 1 2 1 0 1 2 2 1 1 1 1 2 1 2 2 1 2 1 2 1 1 1 2 2 2 1 1 1 2 1 2 1 1 1 2 1 1
 1 1 1 2 2 0 1 2 2 1 1 1 1 1 1 1 1 1 1 1 2 2 1 1 1 1 1 1 1 1 2 2 1 1 1 2 1
 2 1 1 1 2 1 2 1 2 1 1 2 1 1 2 2 2 1 1 1 2 2 1 1 2 2 1 1 1 1 1 1 1 1 1 2 2
 2 2 2 1 2 2 1 1 2 2 2 2 1 1 2 1 2 2 2 2 1 1 2 1 2 1 1 1 2 2 2 2 1 1 2 1 2
 1 1 2 1 1 2 2 2 1 2 2 1 1 1 2 1 1 1 2 1 1 2 1 2 1 2 1 1 1 1 1 1 1 1 2 2 1
 1 2 1 1 2 0 2 2 2 1 2 2 1 2 2 2 1 1 1 2 1 1 2 2 1 1 1 2 2 1 2 1 1 2 1 1 2
 2 1 2 1 1 1 2 2 2 2 1 2 1 1 1 1 1 2 2 1 1 2 2 1 0 2 2 2 1 1 2 1 1 1 2 2 2
 1 1 1 2 1 1 2 1 1 1 1 2 1 1 1 1 1 2 1 1 1 1 2 1 2 2 2 2 1 1 2 1 2 1 2 1 2
 2 2 2]
{'accuracy': 0.7360178970917226, 'precision': 0.7120387940122285, 'Recall': 0.5823599488609948, 'F1': 0.6153034749525977, 'AUC': 0.850554838229312, 'Confusion_matrix': array([[0.25      , 0.375     , 0.375     ],
       [0.0083682 , 0.79916318, 0.19246862],
       [0.        , 0.30208333, 0.69791667]])}
mcc	 0.4892810065688418
