accuracy   0.6756152125279642
precision   0.6882604019627613
Recall   0.6184689292847533
F1   0.6241236093759296
AUC   0.809551338369928
Confusion_matrix   [[0.33333333 0.43434343 0.23232323]
 [0.04697987 0.67785235 0.27516779]
 [0.0201005  0.13567839 0.84422111]]
[1 0 2 2 0 1 2 2 2 2 0 2 2 2 2 2 0 1 2 1 2 0 1 1 1 0 2 1 2 2 2 2 2 2 2 1 1
 2 0 1 2 2 1 2 1 1 1 1 2 1 1 2 0 1 2 1 0 1 2 2 0 2 1 2 2 0 2 2 0 1 2 2 0 2
 2 1 2 2 0 1 2 2 2 2 2 2 1 2 2 2 2 0 1 2 1 1 1 1 2 1 2 2 1 2 2 2 2 1 1 1 1
 1 2 1 0 2 2 2 1 2 1 1 0 2 0 1 2 1 2 2 1 2 1 1 1 2 1 0 2 1 1 2 0 1 1 2 2 2
 0 2 2 2 2 2 2 2 2 1 2 0 1 1 1 2 0 1 2 1 1 1 2 1 1 2 2 1 1 0 1 2 2 2 2 2 1
 2 1 0 2 1 1 2 0 1 2 2 2 2 2 2 2 1 1 1 1 1 2 2 2 1 2 2 2 2 1 0 1 2 2 1 2 0
 2 1 2 1 2 1 2 2 2 1 2 1 2 0 2 2 1 2 2 1 2 2 1 1 2 0 1 2 1 2 2 2 2 1 1 2 1
 2 2 2 2 1 1 0 2 1 2 2 2 1 1 2 2 2 1 1 1 2 1 2 1 2 2 2 2 1 2 2 2 2 2 2 0 1
 1 2 2 2 2 2 2 2 1 1 2 1 2 2 0 2 2 0 2 2 0 1 2 1 1 1 2 1 2 1 1 2 1 1 0 2 2
 1 2 1 1 2 2 0 1 1 2 2 1 1 1 0 2 1 2 2 2 2 2 1 2 1 2 1 2 2 1 0 1 2 2 2 2 1
 1 1 2 0 0 2 2 2 1 1 1 1 2 2 2 2 1 2 2 1 2 2 2 1 2 1 2 1 1 1 1 1 2 2 1 2 2
 2 0 0 1 2 1 2 1 1 1 2 2 1 1 2 2 1 2 1 2 1 1 1 1 0 2 1 2 2 1 2 1 1 1 2 2 1
 1 1 2]
{'accuracy': 0.6756152125279642, 'precision': 0.6882604019627613, 'Recall': 0.6184689292847533, 'F1': 0.6241236093759296, 'AUC': 0.809551338369928, 'Confusion_matrix': array([[0.33333333, 0.43434343, 0.23232323],
       [0.04697987, 0.67785235, 0.27516779],
       [0.0201005 , 0.13567839, 0.84422111]])}
mcc	 0.4862342055827901
