accuracy   0.639821029082774
precision   0.6200640182596182
Recall   0.5912144681750304
F1   0.5960714028202672
AUC   0.7796545596690687
Confusion_matrix   [[0.49056604 0.23584906 0.27358491]
 [0.14179104 0.43283582 0.42537313]
 [0.08695652 0.06280193 0.85024155]]
[0 2 1 2 2 1 0 0 1 2 2 2 0 1 2 1 2 2 2 1 0 2 2 1 2 2 2 2 2 2 1 2 0 2 2 2 1
 0 1 2 0 0 0 2 2 2 1 2 0 2 2 2 0 2 2 2 1 2 2 2 2 2 0 0 2 0 2 2 0 1 0 2 2 2
 2 2 2 2 2 2 0 2 2 2 2 2 2 2 2 2 1 0 2 2 1 2 2 2 2 2 2 2 0 2 0 2 2 2 0 2 2
 2 0 2 2 2 2 1 1 1 2 0 1 2 2 0 2 1 0 2 0 0 2 2 2 2 2 0 1 2 2 2 1 0 2 1 2 0
 2 2 0 2 2 1 2 2 2 2 1 0 2 2 2 0 0 1 2 1 2 0 1 2 2 1 2 1 2 2 0 2 2 2 0 1 1
 1 2 2 2 2 2 2 2 1 0 2 2 1 1 0 2 0 2 2 2 1 2 2 2 2 0 0 2 2 0 1 2 2 1 1 2 2
 2 2 2 2 1 2 2 2 2 0 0 2 2 0 2 1 1 2 0 2 2 1 0 2 2 1 2 0 1 1 0 1 0 2 2 2 2
 0 1 2 2 1 0 1 0 2 0 2 0 2 0 1 0 2 1 2 2 2 1 1 2 0 2 2 2 2 2 1 1 2 2 2 2 2
 1 2 0 2 2 0 0 0 1 0 2 2 0 2 0 2 2 1 1 2 1 2 2 1 2 1 1 1 1 1 1 2 1 2 0 1 0
 1 2 0 2 2 2 2 2 0 2 1 1 1 0 1 2 2 2 0 0 0 0 2 2 2 2 2 2 2 1 2 2 2 2 2 2 2
 2 2 2 0 2 2 1 2 0 2 2 2 1 2 1 2 2 2 2 2 2 2 0 2 2 2 2 1 0 2 2 1 2 0 2 0 2
 1 0 0 1 1 0 2 1 2 1 2 1 1 1 2 2 2 1 0 2 1 2 1 1 2 2 0 2 0 2 0 2 1 2 2 1 2
 2 2 2]
{'accuracy': 0.639821029082774, 'precision': 0.6200640182596182, 'Recall': 0.5912144681750304, 'F1': 0.5960714028202672, 'AUC': 0.7796545596690687, 'Confusion_matrix': array([[0.49056604, 0.23584906, 0.27358491],
       [0.14179104, 0.43283582, 0.42537313],
       [0.08695652, 0.06280193, 0.85024155]])}
mcc	 0.42509423260478985
