accuracy   0.6599552572706935
precision   0.7687368944421626
Recall   0.49473121678784865
F1   0.5208257638315442
AUC   0.7591557082818429
Confusion_matrix   [[0.57923497 0.42076503 0.        ]
 [0.23140496 0.76859504 0.        ]
 [0.22727273 0.63636364 0.13636364]]
[0 0 0 1 1 0 1 1 1 0 1 1 1 0 0 0 1 1 1 2 0 1 1 1 0 1 0 1 0 1 1 1 0 0 1 1 1
 0 1 0 0 1 0 1 0 1 1 1 1 0 0 1 1 1 1 1 1 1 1 1 1 0 1 1 1 1 1 1 0 0 1 1 0 1
 0 1 1 0 0 1 1 1 0 0 1 1 1 1 1 0 0 1 0 1 1 1 1 1 1 1 1 1 1 0 1 1 1 0 0 1 1
 1 0 0 1 0 1 1 0 1 0 1 0 1 0 0 1 1 1 0 1 1 1 1 0 1 1 1 0 1 0 1 1 1 0 0 1 1
 1 0 0 1 1 1 0 1 0 1 0 1 1 0 1 0 1 1 1 1 0 0 1 1 0 0 1 0 1 1 1 1 1 0 1 1 0
 1 1 1 1 0 1 0 1 0 0 0 0 0 1 1 1 0 1 1 1 1 1 0 1 0 1 0 0 1 1 1 1 1 1 1 0 1
 1 0 1 0 0 0 1 1 0 1 1 1 1 0 1 0 1 0 1 0 0 1 1 1 1 1 0 1 1 0 1 0 0 1 0 1 1
 1 0 0 1 1 1 1 1 0 0 1 0 1 0 1 0 1 1 1 1 1 0 0 1 1 0 1 1 1 1 1 1 1 1 1 1 0
 0 1 1 0 1 2 1 1 0 1 0 1 0 0 0 0 0 1 1 1 1 0 1 1 1 1 1 1 0 1 1 0 1 1 1 1 0
 0 0 1 1 0 1 0 0 1 0 1 1 0 1 1 0 0 0 0 0 1 1 1 1 1 0 1 1 0 1 0 0 1 0 1 0 1
 0 1 1 1 1 1 0 0 0 0 1 0 0 1 0 1 0 1 1 0 1 0 1 0 0 0 1 1 1 1 1 1 1 1 0 0 1
 0 0 1 0 1 1 1 0 0 1 0 0 1 1 1 0 0 0 1 0 0 0 1 1 1 1 0 1 0 1 0 1 1 1 0 1 2
 1 1 1]
{'accuracy': 0.6599552572706935, 'precision': 0.7687368944421626, 'Recall': 0.49473121678784865, 'F1': 0.5208257638315442, 'AUC': 0.7591557082818429, 'Confusion_matrix': array([[0.57923497, 0.42076503, 0.        ],
       [0.23140496, 0.76859504, 0.        ],
       [0.22727273, 0.63636364, 0.13636364]])}
mcc	 0.33849814715418086
