accuracy   0.727069351230425
precision   0.722037797457082
Recall   0.6893166108206574
F1   0.6998776279139651
AUC   0.8678629684500657
Confusion_matrix   [[0.59433962 0.21698113 0.18867925]
 [0.08955224 0.58955224 0.32089552]
 [0.04830918 0.06763285 0.88405797]]
[0 2 0 2 2 0 0 1 1 1 2 2 0 2 2 0 2 2 2 1 0 1 2 1 2 2 2 2 2 2 1 2 0 2 2 2 1
 0 1 2 0 0 2 2 2 2 0 0 2 2 2 2 0 2 2 2 0 2 2 2 2 1 0 1 0 0 2 2 0 1 1 2 2 2
 2 2 2 1 2 2 0 2 2 2 2 1 2 2 2 1 1 0 2 2 0 2 2 0 2 2 2 2 2 2 0 1 2 2 0 2 2
 2 0 2 2 2 2 1 1 1 0 0 1 2 0 1 2 1 0 0 0 1 2 2 2 2 2 1 1 1 2 2 1 0 2 1 2 0
 2 2 0 1 2 1 2 2 2 2 2 0 2 2 2 0 0 1 2 1 2 2 0 2 2 1 2 1 2 2 1 2 2 2 0 1 1
 1 2 2 2 2 2 2 2 1 0 2 2 1 1 0 2 0 2 2 2 1 1 2 2 2 0 1 2 2 1 1 2 2 1 2 1 0
 2 2 2 1 1 2 2 2 2 1 0 2 2 1 2 1 2 2 0 2 2 1 0 2 2 1 2 0 1 1 0 0 1 2 2 2 2
 2 1 2 2 2 0 0 1 2 0 1 0 2 1 1 2 2 1 2 2 2 1 1 1 0 2 2 2 2 2 1 1 2 2 2 2 0
 1 2 0 1 2 0 0 2 1 0 2 2 1 2 0 2 2 1 0 2 1 2 2 1 2 1 1 1 1 1 1 2 1 1 0 0 1
 1 2 2 2 2 2 2 2 0 2 0 1 1 0 1 2 2 2 0 1 0 1 2 2 0 2 2 2 2 1 2 2 2 2 2 2 2
 2 0 2 0 2 2 1 2 2 2 2 0 1 2 0 2 2 2 2 2 2 2 0 2 2 2 2 0 2 2 2 1 2 0 2 0 2
 1 1 0 1 1 0 2 2 2 1 2 1 1 1 2 2 2 1 0 0 1 1 1 1 2 2 0 2 0 2 1 1 1 2 1 1 2
 1 2 2]
{'accuracy': 0.727069351230425, 'precision': 0.722037797457082, 'Recall': 0.6893166108206574, 'F1': 0.6998776279139651, 'AUC': 0.8678629684500657, 'Confusion_matrix': array([[0.59433962, 0.21698113, 0.18867925],
       [0.08955224, 0.58955224, 0.32089552],
       [0.04830918, 0.06763285, 0.88405797]])}
mcc	 0.5669879613874391
