accuracy   0.6621923937360179
precision   0.771572455157585
Recall   0.47033675051558804
F1   0.4745763650547256
AUC   0.7172741847413301
Confusion_matrix   [[0.6010929  0.3989071  0.        ]
 [0.23553719 0.76446281 0.        ]
 [0.22727273 0.72727273 0.04545455]]
[0 0 0 1 1 1 1 1 0 1 0 0 0 1 0 1 1 1 1 0 1 1 0 1 1 1 0 0 0 1 0 1 1 0 1 1 0
 0 0 0 0 0 1 0 0 0 1 0 0 0 0 0 0 1 0 0 0 0 1 0 0 1 0 1 0 0 0 0 0 0 1 1 1 1
 1 1 1 1 1 1 1 1 0 0 0 0 0 1 1 0 1 1 0 0 0 0 0 0 1 0 1 0 1 0 0 0 1 0 0 0 1
 0 1 1 1 1 0 0 0 1 1 1 0 1 0 0 0 0 0 0 0 1 0 0 0 0 1 0 1 0 0 0 1 0 0 1 1 0
 0 0 1 1 0 0 0 1 0 1 1 1 0 0 1 1 1 1 1 0 0 0 0 0 0 0 0 0 0 0 0 0 0 0 0 1 1
 0 0 1 1 1 1 1 1 1 1 0 1 0 1 1 0 0 1 0 1 1 1 1 1 1 0 0 1 1 1 1 1 0 1 1 1 1
 1 1 1 1 1 1 1 1 1 0 1 0 0 1 1 0 1 0 1 1 0 0 1 1 1 1 0 1 1 0 0 0 1 1 1 1 1
 1 0 1 1 1 0 1 1 1 1 1 1 1 1 1 1 1 1 1 1 1 0 1 1 1 1 1 1 1 1 1 0 1 1 0 1 0
 0 1 1 1 1 1 1 1 0 1 1 1 1 1 1 1 1 1 1 1 1 1 1 0 1 1 1 1 1 1 1 1 0 1 1 0 1
 1 1 0 1 0 0 1 1 0 0 1 0 1 1 1 1 0 1 1 1 0 1 0 1 0 1 1 1 1 1 0 0 1 1 1 1 0
 1 1 1 0 1 1 1 1 1 1 0 1 0 1 1 1 1 1 1 1 1 1 1 1 0 0 1 1 1 0 1 1 1 1 1 0 1
 1 1 1 1 1 1 1 0 0 1 1 1 0 1 1 0 0 1 1 1 1 1 1 1 0 1 0 1 1 1 0 1 0 1 1 1 1
 2 0 1]
{'accuracy': 0.6621923937360179, 'precision': 0.771572455157585, 'Recall': 0.47033675051558804, 'F1': 0.4745763650547256, 'AUC': 0.7172741847413301, 'Confusion_matrix': array([[0.6010929 , 0.3989071 , 0.        ],
       [0.23553719, 0.76446281, 0.        ],
       [0.22727273, 0.72727273, 0.04545455]])}
mcc	 0.3415478824772209
