accuracy   0.5704697986577181
precision   0.37635154061624654
Recall   0.4799725697840433
F1   0.4212995727503866
AUC   0.6464593661821412
Confusion_matrix   [[0.         0.43434343 0.56565657]
 [0.         0.63087248 0.36912752]
 [0.         0.19095477 0.80904523]]
[2 2 2 1 2 1 1 2 2 2 2 2 2 2 2 2 2 1 2 2 2 2 1 2 2 2 2 1 1 2 1 2 2 2 2 1 2
 1 1 1 1 1 1 2 1 2 1 1 1 2 1 2 1 2 2 1 1 2 1 2 1 1 1 2 1 2 1 1 2 1 2 2 1 1
 1 2 2 2 2 1 1 1 1 2 1 2 2 2 2 2 2 2 2 1 2 1 2 1 1 1 2 2 2 2 2 2 2 2 1 1 2
 2 1 1 1 1 2 2 2 2 2 1 1 2 1 2 2 1 2 2 2 1 1 1 1 1 2 1 2 1 1 1 1 1 2 1 1 1
 1 1 1 2 2 1 1 2 1 1 2 1 1 1 2 1 2 2 1 1 1 2 2 1 1 2 1 1 2 1 2 2 1 2 1 1 1
 2 1 2 1 1 1 1 1 2 1 1 1 2 2 2 1 1 2 2 1 1 2 1 1 1 2 1 2 1 1 1 1 1 1 1 1 1
 1 1 1 1 1 1 2 1 1 1 2 1 1 2 2 1 1 1 1 2 2 1 1 1 1 1 2 2 2 2 2 1 2 2 2 2 2
 1 2 1 2 2 2 2 2 1 2 2 2 1 2 2 1 2 2 2 2 1 2 2 1 2 2 2 2 2 1 2 2 1 2 1 2 2
 2 2 2 2 2 2 2 2 2 2 2 2 2 1 2 1 2 2 2 2 2 2 2 2 2 1 2 1 2 2 2 2 2 2 2 2 2
 2 2 2 2 2 2 2 1 2 2 2 2 2 2 2 1 2 2 2 2 1 2 2 2 2 2 2 2 2 2 2 1 2 1 1 2 1
 1 2 2 2 2 2 2 2 2 2 1 2 2 1 2 1 2 2 2 2 2 2 1 1 1 1 2 2 2 2 2 2 2 1 2 2 2
 2 1 2 2 2 2 2 2 2 2 2 2 2 2 1 2 1 2 2 2 2 2 2 2 2 2 1 2 2 1 1 2 2 2 2 2 2
 2 2 1]
{'accuracy': 0.5704697986577181, 'precision': 0.37635154061624654, 'Recall': 0.4799725697840433, 'F1': 0.4212995727503866, 'AUC': 0.6464593661821412, 'Confusion_matrix': array([[0.        , 0.43434343, 0.56565657],
       [0.        , 0.63087248, 0.36912752],
       [0.        , 0.19095477, 0.80904523]])}
mcc	 0.30578255711961777
