accuracy   0.5794183445190156
precision   0.3842100239965096
Recall   0.49341787235956064
F1   0.4320189614307261
AUC   0.6487677012954406
Confusion_matrix   [[0.         0.39393939 0.60606061]
 [0.         0.7114094  0.2885906 ]
 [0.         0.23115578 0.76884422]]
[1 1 2 2 2 1 2 2 2 2 2 1 1 2 2 2 1 1 2 1 2 2 1 1 1 2 2 1 2 2 2 2 2 2 1 2 1
 1 1 1 2 2 1 2 2 1 1 1 2 1 1 1 2 1 2 2 1 2 2 1 2 2 1 2 2 2 2 2 2 1 2 2 1 1
 2 2 1 2 2 1 2 1 1 2 2 2 1 2 2 2 2 2 1 1 2 1 1 1 1 1 2 1 1 2 2 2 2 1 1 1 1
 1 2 2 1 2 2 2 1 2 1 1 2 2 2 1 1 1 2 2 1 2 1 1 1 2 2 2 2 1 1 2 2 1 1 2 2 2
 2 2 2 2 1 2 2 2 2 1 1 2 1 1 1 2 2 1 2 1 1 1 2 1 2 2 2 1 1 1 1 2 2 2 2 2 1
 2 1 2 1 1 1 1 2 1 2 1 2 2 2 2 2 1 2 1 2 2 2 2 2 1 2 2 2 2 2 1 1 2 2 1 2 1
 2 1 2 1 2 1 2 1 1 1 2 1 1 2 2 2 1 1 2 1 2 2 1 1 1 2 1 2 1 2 2 2 2 2 1 2 1
 2 2 2 1 1 1 2 1 1 2 2 2 1 1 2 1 2 1 2 1 2 1 2 1 2 2 2 2 1 2 2 2 2 2 1 2 1
 1 2 2 2 2 2 2 2 1 1 2 1 2 2 1 2 2 2 2 2 1 1 2 2 1 1 2 2 1 2 2 2 1 1 2 2 1
 1 2 1 1 1 2 1 1 1 1 2 1 1 1 2 2 1 2 2 2 2 2 1 2 1 2 1 2 2 1 2 2 2 2 2 2 1
 1 1 2 2 2 2 2 2 1 1 1 1 2 2 2 2 1 2 2 2 2 2 1 2 2 1 2 1 1 1 1 1 2 2 1 2 2
 2 2 2 2 1 1 2 1 2 2 2 2 1 1 2 2 1 2 1 2 1 2 1 1 1 2 1 1 1 2 2 2 2 1 2 2 1
 1 1 2]
{'accuracy': 0.5794183445190156, 'precision': 0.3842100239965096, 'Recall': 0.49341787235956064, 'F1': 0.4320189614307261, 'AUC': 0.6487677012954406, 'Confusion_matrix': array([[0.        , 0.39393939, 0.60606061],
       [0.        , 0.7114094 , 0.2885906 ],
       [0.        , 0.23115578, 0.76884422]])}
mcc	 0.32481603577501517
