accuracy   0.5413870246085011
precision   0.36410619707856834
Recall   0.37882816132031616
F1   0.367978833336801
AUC   0.5164419801109948
Confusion_matrix   [[0.50627615 0.48953975 0.0041841 ]
 [0.36979167 0.63020833 0.        ]
 [0.8125     0.1875     0.        ]]
[1 1 1 1 1 0 1 1 0 1 1 1 1 1 0 0 0 1 0 0 0 1 1 0 0 1 1 1 1 1 1 0 0 0 0 1 1
 0 1 0 1 1 0 0 0 0 1 1 0 1 1 1 1 1 1 0 0 1 1 0 1 0 1 0 0 0 0 1 1 0 0 0 0 1
 1 1 0 0 0 0 0 1 1 0 1 1 0 1 0 1 1 0 0 1 1 1 1 1 1 1 1 0 1 1 0 0 0 1 1 1 0
 0 1 0 1 0 1 1 0 1 0 0 1 0 0 1 0 0 0 1 1 1 1 0 0 1 1 1 1 1 1 0 1 0 0 1 0 1
 0 0 1 1 0 0 1 0 1 0 1 1 1 0 0 1 0 0 1 0 1 1 0 1 0 1 1 1 0 0 1 1 0 0 1 1 0
 1 1 0 0 1 0 1 0 1 0 1 1 1 0 0 1 0 0 0 1 1 1 1 1 0 0 1 1 1 0 1 0 1 0 1 0 1
 0 0 0 0 0 1 1 0 0 0 0 0 1 0 1 0 1 1 1 1 1 1 0 0 0 0 1 1 0 1 0 0 1 1 0 1 1
 1 0 1 1 1 1 1 0 1 1 1 0 1 1 1 1 0 0 1 0 0 0 1 0 0 1 1 0 0 1 0 1 1 1 1 0 0
 1 0 2 1 1 1 1 1 1 1 1 0 1 0 1 0 1 1 1 1 0 1 1 0 1 1 1 1 1 0 1 1 0 0 1 1 0
 1 1 0 0 0 1 0 0 1 0 0 0 0 1 1 1 0 1 1 0 0 1 0 1 0 1 1 1 0 1 1 1 0 0 1 1 0
 0 1 0 1 1 0 0 0 1 1 0 0 0 1 0 0 0 0 0 0 1 0 0 0 1 1 1 0 1 1 1 0 1 0 1 1 0
 0 1 1 0 1 0 0 1 0 1 1 1 1 0 1 0 0 0 0 1 0 0 0 1 0 0 1 1 1 0 0 1 0 1 0 0 0
 1 0 1]
{'accuracy': 0.5413870246085011, 'precision': 0.36410619707856834, 'Recall': 0.37882816132031616, 'F1': 0.367978833336801, 'AUC': 0.5164419801109948, 'Confusion_matrix': array([[0.50627615, 0.48953975, 0.0041841 ],
       [0.36979167, 0.63020833, 0.        ],
       [0.8125    , 0.1875    , 0.        ]])}
mcc	 0.1256517455993288
