accuracy   0.5861297539149888
precision   0.3887569117345893
Recall   0.4990050925769789
F1   0.4370309993272266
AUC   0.6405639023763202
Confusion_matrix   [[0.         0.39393939 0.60606061]
 [0.         0.71812081 0.28187919]
 [0.         0.22110553 0.77889447]]
[1 1 2 2 2 1 2 2 2 2 2 1 1 2 2 2 1 1 2 1 2 2 1 1 1 2 2 1 2 2 2 2 2 2 1 2 1
 1 1 1 2 2 1 2 2 1 1 1 2 1 1 1 2 1 2 2 1 2 2 1 2 2 1 2 2 2 2 2 2 1 2 2 1 1
 2 2 1 2 2 1 2 1 1 2 2 2 1 2 2 2 2 2 1 1 2 1 1 1 1 1 2 1 1 2 2 2 2 1 1 1 1
 1 2 2 1 2 2 2 1 2 1 1 2 2 2 1 1 1 2 2 1 2 1 1 1 2 2 2 2 1 1 2 2 1 1 2 2 2
 2 2 2 2 1 2 2 2 2 1 1 2 1 1 1 2 2 1 2 1 2 1 2 1 1 2 2 1 1 1 1 2 2 2 2 2 1
 2 1 2 1 1 1 1 2 1 2 1 2 2 2 2 2 1 2 1 2 2 2 2 2 1 2 2 2 2 2 1 1 2 2 1 2 1
 2 1 2 1 2 1 2 1 1 1 2 1 1 2 2 2 1 1 2 1 2 2 1 1 1 2 1 2 1 2 2 2 2 2 1 2 1
 2 2 2 1 1 1 2 1 1 2 2 2 1 1 2 1 2 1 2 1 2 1 2 1 2 2 2 2 1 2 2 2 2 2 1 2 1
 1 2 2 2 2 2 2 2 1 1 2 1 2 2 1 2 2 2 2 2 1 1 2 2 1 1 2 2 1 2 2 2 1 1 2 2 1
 1 2 1 1 1 2 1 1 1 1 2 1 1 1 2 2 1 2 2 2 2 2 1 2 2 2 1 2 2 1 2 2 2 2 2 2 1
 1 1 2 1 2 2 2 2 1 1 1 1 2 2 2 2 1 2 2 2 2 2 2 2 2 1 2 1 1 1 1 1 2 2 1 2 2
 2 2 2 2 1 1 2 1 2 2 2 2 1 1 2 2 1 2 1 2 1 2 1 1 1 2 1 1 1 2 2 2 2 1 2 2 1
 1 1 2]
{'accuracy': 0.5861297539149888, 'precision': 0.3887569117345893, 'Recall': 0.4990050925769789, 'F1': 0.4370309993272266, 'AUC': 0.6405639023763202, 'Confusion_matrix': array([[0.        , 0.39393939, 0.60606061],
       [0.        , 0.71812081, 0.28187919],
       [0.        , 0.22110553, 0.77889447]])}
mcc	 0.3365730298361003
