accuracy   0.5548098434004475
precision   0.37182528513797863
Recall   0.3875377731287773
F1   0.3766472868217054
AUC   0.558088670603789
Confusion_matrix   [[0.52719665 0.47280335 0.        ]
 [0.36458333 0.63541667 0.        ]
 [0.8125     0.1875     0.        ]]
[1 1 1 1 1 0 1 1 0 1 1 1 1 1 0 0 0 1 0 0 0 1 1 0 0 1 1 1 1 1 1 0 0 0 0 1 0
 0 1 0 1 1 0 0 0 0 1 1 0 1 1 1 1 1 1 0 0 1 1 0 1 0 1 0 0 0 0 1 1 0 0 0 0 1
 1 1 0 0 0 0 0 1 1 0 1 1 0 1 0 1 1 0 0 1 1 1 1 1 1 1 1 1 1 1 0 0 0 1 1 1 0
 0 1 0 1 0 1 1 0 0 0 0 1 0 0 1 0 0 0 1 1 1 1 0 0 1 1 1 1 1 1 0 1 0 0 1 0 1
 0 0 1 1 0 0 1 0 1 0 1 1 1 0 1 1 0 0 1 0 1 1 0 1 0 1 0 1 0 0 1 1 0 0 1 1 0
 1 1 0 0 1 0 1 0 1 0 1 1 1 0 0 1 0 0 0 1 1 1 1 1 0 0 1 1 1 0 1 0 1 0 1 0 1
 0 0 0 0 0 1 1 0 0 0 0 0 1 0 1 0 1 1 1 1 1 1 0 0 0 0 1 1 0 1 0 0 1 1 0 1 1
 1 0 1 1 0 1 1 0 1 1 1 0 1 1 1 1 0 0 1 0 0 0 1 0 0 1 1 0 0 1 0 1 1 1 1 0 0
 1 0 0 1 1 1 1 1 1 1 1 0 1 0 1 0 0 1 1 1 0 1 1 0 1 1 1 1 1 0 1 1 0 0 1 1 0
 1 1 0 0 0 1 0 0 1 0 0 0 0 1 1 1 0 1 1 0 0 1 0 1 0 1 1 1 0 1 1 1 0 0 1 1 0
 0 1 0 1 1 0 0 0 1 1 0 0 0 1 0 0 0 0 0 0 1 0 0 0 1 1 1 0 1 1 1 0 1 0 1 1 0
 0 1 1 0 1 0 0 1 0 1 1 1 1 0 1 0 0 0 0 1 0 0 0 1 0 0 1 1 1 0 0 1 0 1 0 0 0
 1 0 1]
{'accuracy': 0.5548098434004475, 'precision': 0.37182528513797863, 'Recall': 0.3875377731287773, 'F1': 0.3766472868217054, 'AUC': 0.558088670603789, 'Confusion_matrix': array([[0.52719665, 0.47280335, 0.        ],
       [0.36458333, 0.63541667, 0.        ],
       [0.8125    , 0.1875    , 0.        ]])}
mcc	 0.1484081985857925
