[nan nan nan]
[1.74917634e-14 1.00000000e+00 1.98987484e-57]
[1.41115983e-143 2.67908306e-054 1.00000000e+000]
[0. 0. 1.]
[1.00000000e+00 4.53424493e-20 1.50043512e-31]
[9.99999999e-01 6.70049789e-10 7.49650621e-19]
[2.38575508e-104 1.36893979e-093 1.00000000e+000]
[1.00000000e+000 1.80037534e-269 0.00000000e+000]
[1.86721358e-10 1.00000000e+00 1.35588501e-33]
[nan nan nan]
[6.23219892e-101 9.97328437e-001 2.67156297e-003]
[9.99993765e-01 6.23538875e-06 2.10735765e-68]
[1.18793546e-76 1.00000000e+00 3.07344166e-14]
[nan nan nan]
[nan nan nan]
[1. 0. 0.]
[5.01098047e-01 4.98901953e-01 1.52840223e-12]
[1.00000000e+000 1.37252315e-063 2.88538411e-128]
[0.00000000e+00 1.35437918e-07 9.99999865e-01]
[1.35280231e-21 1.00000000e+00 2.45059737e-13]
[1.80387914e-160 1.49914416e-004 9.99850086e-001]
[0. 0. 1.]
[0. 0. 1.]
[0. 0. 1.]
[1.29149288e-69 7.00464660e-54 1.00000000e+00]
[0.00000000e+00 1.00000000e+00 7.65271779e-28]
[1.14503925e-36 1.00000000e+00 9.76511431e-48]
[5.30834864e-92 2.18403709e-31 1.00000000e+00]
[0. 0. 1.]
[2.25249089e-35 6.74960431e-23 1.00000000e+00]
[0.00000000e+000 3.34543446e-104 1.00000000e+000]
[1.00000000e+000 2.08582845e-166 2.05732687e-193]
[2.61475063e-221 7.35917065e-001 2.64082935e-001]
[1.16442700e-160 9.99932225e-001 6.77745066e-005]
[6.94467199e-20 1.00000000e+00 5.18674880e-33]
[1.34569054e-084 7.20521356e-109 1.00000000e+000]
[nan nan nan]
[2.36179620e-06 1.80788381e-08 9.99997620e-01]
[nan nan nan]
[1. 0. 0.]
[0.00000000e+00 9.99091379e-01 9.08621133e-04]
[1.75997956e-08 9.99999982e-01 0.00000000e+00]
[9.99817543e-01 1.81312032e-04 1.14531542e-06]
[nan nan nan]
[1.00000000e+00 5.63336468e-36 3.36039624e-60]
[1.00000000e+00 2.84486268e-23 5.94956909e-93]
[0. 0. 1.]
[1. 0. 0.]
[0.00000000e+00 1.00000000e+00 1.89269713e-14]
[6.74686753e-56 4.03694686e-45 1.00000000e+00]
[0.00000000e+00 1.35312281e-07 9.99999865e-01]
[3.13688947e-02 9.68631105e-01 1.59834823e-32]
[4.24777743e-31 1.34617249e-28 1.00000000e+00]
[3.01746789e-21 3.26642826e-22 1.00000000e+00]
[6.35648653e-01 3.64351347e-01 1.06851053e-31]
[1.49002743e-233 2.28990449e-009 9.99999998e-001]
[2.98971177e-40 1.00000000e+00 2.54968354e-51]
[7.42403826e-010 9.99999999e-001 1.18170474e-141]
[2.47610337e-68 1.00000000e+00 1.07033705e-17]
[3.12026896e-86 1.00000000e+00 1.66656720e-59]
[1.00000000e+000 1.00365836e-124 1.12323967e-064]
[nan nan nan]
[5.64768267e-54 3.96865770e-55 1.00000000e+00]
[3.93832146e-136 1.00000000e+000 6.95552247e-159]
[5.48860102e-57 1.00000000e+00 1.43991157e-72]
[3.69309355e-101 1.00000000e+000 8.19025311e-102]
[1.38691042e-71 8.81829398e-35 1.00000000e+00]
[1.65563265e-64 2.05985560e-39 1.00000000e+00]
[1.28968192e-05 9.99987103e-01 3.56308866e-17]
[2.54046152e-29 1.36262567e-26 1.00000000e+00]
[9.98909085e-01 2.43535052e-28 1.09091495e-03]
[0.00000000e+000 2.01764145e-163 1.00000000e+000]
[nan nan nan]
[nan nan nan]
[1.17843708e-90 5.30931067e-44 1.00000000e+00]
[3.60767265e-119 2.40170293e-035 1.00000000e+000]
[nan nan nan]
[2.80368002e-14 3.27999378e-19 1.00000000e+00]
[0.00000000e+000 1.00000000e+000 5.73169052e-162]
[1.00000000e+00 2.80846477e-32 8.10524532e-16]
[1.26935748e-114 5.79828845e-068 1.00000000e+000]
[0. 0. 1.]
[0. 0. 1.]
[nan nan nan]
[0.00000000e+00 2.40170292e-35 1.00000000e+00]
[nan nan nan]
[8.17403677e-122 1.00000000e+000 1.78301127e-111]
[0. 0. 1.]
[0.00000000e+000 2.08126517e-190 1.00000000e+000]
[0. 0. 1.]
[nan nan nan]
[1.82472284e-278 1.00000000e+000 3.88696518e-268]
[1.06718543e-10 1.00000000e+00 2.32484613e-12]
[9.38158531e-68 3.88955760e-45 1.00000000e+00]
[1.09833075e-94 1.67133503e-93 1.00000000e+00]
[4.11537579e-20 2.34786569e-26 1.00000000e+00]
[nan nan nan]
[3.03841164e-25 4.13857504e-20 1.00000000e+00]
[0. 0. 1.]
[nan nan nan]
[nan nan nan]
[1.96728063e-06 9.99998033e-01 2.03232872e-42]
[1.00000000e+00 8.23522338e-71 1.25188150e-63]
[8.90241421e-12 1.00000000e+00 5.95529933e-27]
[3.36101033e-44 3.88625753e-35 1.00000000e+00]
[1.52505644e-74 1.67734854e-43 1.00000000e+00]
[2.16636228e-299 5.26899062e-133 1.00000000e+000]
[nan nan nan]
[1.00000000e+00 2.78187668e-26 1.41635902e-28]
[9.96266419e-01 3.73358088e-03 1.19220651e-25]
[4.99832190e-01 5.00167809e-01 5.02121572e-12]
[1.00000000e+000 1.09712541e-186 1.27270079e-118]
[7.10008411e-244 1.00000000e+000 1.38005025e-080]
[2.32317785e-103 1.00000000e+000 3.28952708e-102]
[1.52505722e-74 1.67734941e-43 1.00000000e+00]
[0.00000000e+00 9.99091379e-01 9.08621133e-04]
[5.29479698e-127 1.26290789e-071 1.00000000e+000]
[9.99999997e-01 2.52135529e-09 1.27806354e-19]
[0. 1. 0.]
[4.44427185e-123 1.00000000e+000 1.15631202e-136]
[0.         0.88480303 0.11519697]
[1.06320841e-19 9.99584452e-01 4.15547562e-04]
[2.60259050e-167 9.89590027e-123 1.00000000e+000]
[nan nan nan]
[0.00000000e+000 4.78119292e-136 1.00000000e+000]
[4.28553745e-64 1.22092975e-10 1.00000000e+00]
[1.00000000e+000 7.80017248e-220 7.36240125e-181]
[0.0000000e+000 1.4347773e-103 1.0000000e+000]
[nan nan nan]
[1.09437747e-11 9.99999966e-01 3.38458742e-08]
[1.00000000e+00 2.73917070e-24 8.64863602e-27]
[1.79059644e-190 1.00000000e+000 2.56425326e-060]
[4.09491568e-02 9.59050843e-01 1.93096957e-58]
[nan nan nan]
[0.00000000e+00 1.00000000e+00 8.89380277e-26]
[0.00000000e+000 3.30044752e-160 1.00000000e+000]
[7.29008069e-211 1.00000000e+000 3.07094291e-054]
[9.49754647e-34 3.68956495e-09 9.99999996e-01]
[nan nan nan]
[nan nan nan]
[1.68247076e-129 1.00000000e+000 1.45736750e-137]
[0. 1. 0.]
[5.14384334e-104 6.58867780e-002 9.34113222e-001]
[0.00000000e+00 1.38420121e-11 1.00000000e+00]
[nan nan nan]
[0. 0. 1.]
[2.54689497e-91 1.60855521e-13 1.00000000e+00]
[1. 0. 0.]
[1.00000000e+000 1.06983680e-110 2.95048046e-112]
[7.34871069e-03 9.92651289e-01 6.48793176e-14]
[1.00000000e+00 6.82368525e-23 1.29152150e-23]
[3.04098663e-33 1.56006064e-10 1.00000000e+00]
[8.01107244e-13 1.00000000e+00 2.01008266e-41]
[nan nan nan]
[8.61909087e-01 1.38085151e-01 5.76238123e-06]
[0. 0. 1.]
[0. 0. 1.]
[9.39482010e-60 1.71457514e-11 1.00000000e+00]
[1.59495263e-158 3.07091875e-147 1.00000000e+000]
[0.00000000e+00 3.24081742e-32 1.00000000e+00]
[6.85914306e-02 9.31408569e-01 8.03021705e-32]
[0.00000000e+000 1.00000000e+000 3.78732612e-162]
[9.99999986e-01 1.39854194e-08 7.37203407e-32]
[2.81867433e-11 9.99994270e-01 5.72978803e-06]
[1.00696749e-86 3.10078218e-21 1.00000000e+00]
[1.81750480e-126 1.00000000e+000 1.08272023e-057]
[2.26173832e-06 9.99997738e-01 1.18815527e-51]
[0. 0. 1.]
[1.00000000e+00 1.15790761e-18 6.57940949e-35]
[1.00000000e+000 1.39871765e-207 9.81149975e-187]
[nan nan nan]
[8.61909087e-01 1.38085151e-01 5.76238123e-06]
[nan nan nan]
[1.00000000e+00 2.28171771e-46 5.55708820e-94]
[2.68276871e-70 1.24820657e-55 1.00000000e+00]
[5.28993142e-92 2.18403896e-31 1.00000000e+00]
[0.00000000e+000 2.64027696e-122 1.00000000e+000]
[0.00000000e+000 1.09451793e-129 1.00000000e+000]
[1.00000000e+00 9.81030574e-94 1.87627398e-85]
[1.10198242e-01 8.89801758e-01 5.31198031e-13]
[1. 0. 0.]
[0.00000000e+00 2.45835055e-17 1.00000000e+00]
[1.32341120e-63 1.00000000e+00 4.78902682e-74]
[1.72648773e-04 9.99827351e-01 9.67785689e-31]
[2.43366586e-117 1.83027619e-019 1.00000000e+000]
[1.28697846e-35 1.00000000e+00 1.00267573e-22]
[0. 0. 1.]
[0.00000000e+000 1.00000000e+000 7.05445394e-235]
[0. 0. 1.]
[0.00000000e+000 1.45285748e-130 1.00000000e+000]
[1.86247747e-27 3.28374287e-15 1.00000000e+00]
[1.00000000e+000 3.33349665e-042 4.90168667e-105]
[5.16833441e-112 1.00000000e+000 1.14619296e-112]
[nan nan nan]
[1. 0. 0.]
[1.16326353e-79 9.59419712e-01 4.05802885e-02]
[1.10198242e-01 8.89801758e-01 5.31198031e-13]
[4.21814998e-142 1.01685120e-106 1.00000000e+000]
[3.92157117e-18 9.99853320e-01 1.46679758e-04]
[9.98524608e-01 1.44875979e-03 2.66326599e-05]
[2.74462536e-52 4.83906201e-40 1.00000000e+00]
[0.00482041 0.27589652 0.71928307]
[9.95045825e-01 4.95417469e-03 3.69512381e-28]
[0.00000000e+00 2.39416132e-41 1.00000000e+00]
[nan nan nan]
[6.69622559e-01 3.30377441e-01 8.02406968e-16]
[3.92292978e-43 4.51154759e-01 5.48845241e-01]
[0.00000000e+00 1.57258947e-32 1.00000000e+00]
[0. 1. 0.]
[4.98863376e-208 1.00000000e+000 5.14687372e-064]
[8.59338251e-39 1.00000000e+00 1.90749900e-55]
[2.52542788e-13 1.00000000e+00 9.55914979e-36]
[1.00000000e+000 1.60922079e-055 9.58888445e-112]
[7.72604468e-48 1.00000000e+00 4.66166341e-27]
[nan nan nan]
[2.31125849e-100 1.70122774e-034 1.00000000e+000]
[9.99999962e-01 3.81679004e-08 1.48204848e-44]
[4.13002441e-48 1.00000000e+00 3.05119486e-29]
[1.00000000e+00 1.58036516e-59 1.91048746e-64]
[nan nan nan]
[6.28426456e-119 1.00000000e+000 3.44405117e-130]
[0. 0. 1.]
[9.99999605e-01 3.94646134e-07 1.25106551e-25]
[1.00000000e+00 5.80522230e-32 2.11931613e-37]
[2.86153754e-61 9.99999999e-01 1.21831506e-09]
[1.00000000e+00 2.28187964e-46 5.57373298e-94]
[1.00000000e+00 3.68702198e-19 4.88758779e-39]
[4.65982855e-12 1.13123726e-07 9.99999887e-01]
[1.00000000e+00 2.74114202e-88 9.87547216e-75]
[1.87468604e-138 9.97254881e-061 1.00000000e+000]
[nan nan nan]
[0. 0. 1.]
[9.92055482e-12 1.00000000e+00 4.87367530e-21]
[1.00000000e+00 1.27796235e-31 4.50690465e-59]
[0.00000000e+00 1.00000000e+00 3.60550069e-18]
[2.54681687e-42 1.90884678e-58 1.00000000e+00]
[7.26362994e-75 1.19396223e-89 1.00000000e+00]
[nan nan nan]
[1.47080332e-35 1.00000000e+00 1.19014352e-38]
[3.86620058e-62 1.12945476e-38 1.00000000e+00]
[0.00000000e+000 3.68316464e-160 1.00000000e+000]
[1.19699294e-39 1.56576435e-29 1.00000000e+00]
[6.56468521e-10 9.99999758e-01 2.41606226e-07]
[9.99999982e-01 1.80382694e-08 1.03351557e-13]
[0. 0. 1.]
[3.59191119e-125 1.00000000e+000 1.35816516e-126]
[1.00000000e+000 2.57536656e-050 6.56481049e-108]
[1.6399028e-06 9.9999836e-01 2.1124322e-17]
[3.33668574e-06 9.99996663e-01 4.91374930e-30]
[nan nan nan]
[8.38634675e-134 1.01595421e-045 1.00000000e+000]
[4.30346398e-50 1.98475597e-51 1.00000000e+00]
[1. 0. 0.]
[nan nan nan]
[5.02377733e-53 3.47264328e-09 9.99999997e-01]
[9.99980289e-01 1.97108100e-05 5.15019524e-17]
[1.00000000e+00 4.87282076e-38 2.52932590e-73]
[1.11491388e-95 1.43518864e-89 1.00000000e+00]
[nan nan nan]
[0. 0. 1.]
[1.15972214e-31 1.00000000e+00 6.53214779e-45]
[1.00000000e+000 0.00000000e+000 2.56612902e-278]
[1.75708448e-52 3.83323325e-51 1.00000000e+00]
[1.10342886e-045 1.93744125e-101 1.00000000e+000]
[1.00000000e+00 1.30616623e-18 2.61463223e-17]
[nan nan nan]
[0.00000000e+00 1.00000000e+00 7.94367067e-28]
[1.33522980e-04 9.99866477e-01 1.84980543e-31]
[3.03841164e-25 4.13857504e-20 1.00000000e+00]
[1.00000000e+00 1.85027292e-68 5.44454725e-57]
[nan nan nan]
[0. 0. 1.]
[nan nan nan]
[nan nan nan]
[3.12198413e-53 1.00000000e+00 2.51536136e-77]
[0.00000000e+000 4.84780837e-297 1.00000000e+000]
[nan nan nan]
[5.18753601e-80 3.31009393e-50 1.00000000e+00]
[8.94626506e-30 2.85783133e-18 1.00000000e+00]
[0.00000000e+00 5.26635979e-76 1.00000000e+00]
[3.19482760e-29 7.80242257e-10 9.99999999e-01]
[1.55432872e-05 9.99984457e-01 4.77124357e-15]
[2.87424085e-35 1.32909333e-37 1.00000000e+00]
[1.00000000e+000 1.31984628e-178 4.73737941e-039]
[1.00000000e+00 9.47745197e-28 5.08380024e-34]
[3.94369548e-05 1.40259891e-11 9.99960563e-01]
[1.24327493e-263 1.00000000e+000 4.05813708e-044]
[0.0989722  0.60544856 0.29557924]
[nan nan nan]
[5.53053928e-14 9.97691858e-01 2.30814174e-03]
[0. 0. 1.]
[7.91561833e-201 1.00000000e+000 1.28574014e-207]
[1.53602092e-01 2.65258725e-06 8.46395256e-01]
[nan nan nan]
[9.99999999e-01 2.92644406e-29 6.82563525e-10]
[1.35202246e-44 1.00000000e+00 5.34240870e-27]
[nan nan nan]
[4.15237389e-04 1.64867531e-21 9.99584763e-01]
[2.25885879e-156 2.88309567e-012 1.00000000e+000]
[3.11933381e-01 6.88066586e-01 3.29961246e-08]
[1.00000000e+00 5.02491401e-51 7.08343463e-33]
[nan nan nan]
[nan nan nan]
[0. 0. 1.]
[nan nan nan]
[2.26594637e-66 1.41145506e-13 1.00000000e+00]
[5.35655771e-16 1.00000000e+00 2.72669686e-46]
[0. 0. 1.]
[7.20476632e-249 4.59723323e-049 1.00000000e+000]
[2.51581853e-49 1.00000000e+00 2.94659695e-46]
[1. 0. 0.]
[0.00000000e+000 1.56409991e-197 1.00000000e+000]
[1.00732128e-58 1.00000000e+00 1.08775650e-87]
[0.00000000e+00 1.33151308e-71 1.00000000e+00]
[nan nan nan]
[2.33282484e-98 1.06239960e-45 1.00000000e+00]
[1.3020160e-23 4.4562031e-16 1.0000000e+00]
[1.10455911e-28 1.00000000e+00 2.05538807e-19]
[3.36362664e-47 8.00480750e-83 1.00000000e+00]
[1.00000000e+00 4.44511983e-32 5.43190655e-11]
[0. 0. 1.]
[0.00000000e+00 1.00000000e+00 5.22791382e-98]
[1.00000000e+00 2.20067363e-11 5.17054000e-19]
[4.19676501e-135 1.00000000e+000 4.39689203e-170]
[3.0300779e-49 3.6651768e-95 1.0000000e+00]
[3.83155323e-290 1.93695912e-272 1.00000000e+000]
[9.99999856e-001 1.43952758e-007 4.38910806e-138]
[7.23149785e-01 2.76850215e-01 8.32744130e-26]
[4.28493558e-75 7.55479029e-63 1.00000000e+00]
[0. 0. 1.]
[1.53025986e-34 8.56222468e-34 1.00000000e+00]
[9.96324742e-01 7.05262442e-05 3.60473165e-03]
[0.00000000e+00 9.99928225e-01 7.17749678e-05]
[8.85411341e-147 1.00000000e+000 0.00000000e+000]
[1.00000000e+00 2.73917089e-24 8.64863602e-27]
[1.10951536e-06 3.85440002e-24 9.99998890e-01]
[nan nan nan]
[nan nan nan]
[nan nan nan]
[1.34262126e-62 2.26679693e-10 1.00000000e+00]
[7.50203546e-12 2.42518164e-02 9.75748184e-01]
[nan nan nan]
[0.00000000e+000 3.93962154e-118 1.00000000e+000]
[nan nan nan]
[nan nan nan]
[3.99725370e-23 9.99999755e-01 2.45362395e-07]
[5.41380881e-51 4.40848023e-35 1.00000000e+00]
[0. 1. 0.]
[0.00000000e+00 2.91579716e-41 1.00000000e+00]
[2.10680451e-119 8.22661303e-034 1.00000000e+000]
[0.00000000e+00 1.00000000e+00 7.55190253e-67]
[1. 0. 0.]
[0.0000000e+00 1.1722925e-31 1.0000000e+00]
[1. 0. 0.]
[1.00000000e+00 1.22816379e-22 3.65450326e-20]
[1.50184987e-02 9.84981501e-01 2.98379360e-61]
[nan nan nan]
[1.34921367e-28 6.98101829e-19 1.00000000e+00]
[2.17140331e-09 0.00000000e+00 9.99999998e-01]
[nan nan nan]
[1.47571392e-10 9.99999999e-01 1.17601539e-09]
[nan nan nan]
[1.00000000e+00 1.88633980e-89 5.83090194e-71]
[nan nan nan]
[3.35264234e-49 1.00000000e+00 1.92334605e-24]
[6.69300033e-274 3.50010430e-246 1.00000000e+000]
[9.99288920e-01 7.09931262e-04 1.14824728e-06]
[3.36372866e-47 8.00505028e-83 1.00000000e+00]
[3.23621239e-98 6.54845869e-90 1.00000000e+00]
[1.00000000e+00 6.96619329e-12 3.70496492e-53]
[0.0000000e+00 6.9541618e-29 1.0000000e+00]
[1.30348272e-08 1.62627279e-18 9.99999987e-01]
[nan nan nan]
[1.92064093e-15 1.00000000e+00 5.27051661e-22]
[5.17626812e-23 2.02067187e-22 1.00000000e+00]
[nan nan nan]
[1.00000000e+000 4.23848641e-252 4.71328304e-250]
[2.12990411e-251 1.41398415e-143 1.00000000e+000]
[3.41885219e-86 1.58861894e-01 8.41138106e-01]
[nan nan nan]
[nan nan nan]
[1. 0. 0.]
[nan nan nan]
[9.27659958e-01 7.23400422e-02 8.93050976e-19]
[nan nan nan]
[1.10455911e-28 1.00000000e+00 2.05538807e-19]
[nan nan nan]
[0. 0. 1.]
[1.34697646e-19 2.15947286e-35 1.00000000e+00]
[1. 0. 0.]
[1.28309299e-12 1.00000000e+00 4.57224078e-23]
[2.09524497e-105 1.00000000e+000 0.00000000e+000]
[5.71213511e-19 1.00000000e+00 4.42389481e-13]
[nan nan nan]
[8.99091732e-161 1.87286015e-022 1.00000000e+000]
[3.68359300e-12 9.99201492e-01 7.98508098e-04]
[0. 0. 1.]
[nan nan nan]
[9.84414985e-15 1.00000000e+00 2.42959674e-17]
[0. 0. 1.]
[1.20321803e-78 7.59922434e-01 2.40077566e-01]
[3.29976109e-56 3.40117317e-43 1.00000000e+00]
[2.02022060e-58 8.70200565e-88 1.00000000e+00]
[2.47748045e-42 3.55352696e-12 1.00000000e+00]
[2.49175521e-62 1.08173496e-81 1.00000000e+00]
[1.00000000e+00 1.83493727e-85 5.41843780e-57]
[nan nan nan]
[0.00000000e+00 1.52990259e-28 1.00000000e+00]
[0. 1. 0.]
[1.00000000e+00 6.82555824e-18 9.91356249e-21]
[2.95537055e-37 5.35970960e-22 1.00000000e+00]
[4.23163518e-49 1.26293924e-42 1.00000000e+00]
[7.05260784e-40 1.00000000e+00 1.29894034e-27]
[1.98180718e-32 4.12710616e-69 1.00000000e+00]
[nan nan nan]
[9.16862387e-255 6.07703144e-069 1.00000000e+000]
[1.56494889e-27 3.02071458e-06 9.99996979e-01]
[1.69684226e-57 4.55775856e-29 1.00000000e+00]
[1.30837298e-38 1.18092182e-25 1.00000000e+00]
[0. 0. 1.]
[1.11958877e-100 9.85052008e-095 1.00000000e+000]
[9.13306708e-40 1.00000000e+00 9.44872500e-17]
[nan nan nan]
[1. 0. 0.]
[2.57464514e-61 1.58861894e-01 8.41138106e-01]
[2.54705426e-70 1.44323397e-29 1.00000000e+00]
[2.24674581e-08 1.13127672e-07 9.99999864e-01]
[1. 0. 0.]
[4.98577174e-50 5.64341106e-15 1.00000000e+00]
[nan nan nan]
[2.47532684e-100 1.00000000e+000 1.60644363e-094]
[9.99999999e-01 1.58067449e-11 6.82563792e-10]
[0. 1. 0.]
[nan nan nan]
[0.00000000e+000 8.30200087e-158 1.00000000e+000]
[1.00000000e+000 0.00000000e+000 4.73888751e-305]
[0. 0. 1.]
[0.00000000e+000 1.00000000e+000 4.37340281e-214]
[1.54996599e-80 3.83398212e-84 1.00000000e+00]
[0.00000000e+00 1.00000000e+00 8.69113141e-73]
[nan nan nan]
[0.00000000e+00 6.59818756e-07 9.99999340e-01]
[8.04858850e-37 1.76495716e-16 1.00000000e+00]
[nan nan nan]
[1.82472284e-278 1.00000000e+000 3.88696518e-268]
[0. 0. 1.]
[3.78431333e-59 1.00000000e+00 3.21730442e-77]
