accuracy   0.6599552572706935
precision   0.605624084713304
Recall   0.4697960251046025
F1   0.4797792486084167
AUC   0.7367414955979776
Confusion_matrix   [[0.0625     0.6875     0.25      ]
 [0.0041841  0.75313808 0.24267782]
 [0.         0.40625    0.59375   ]]
[2 1 1 1 2 1 1 1 1 2 1 1 2 2 1 1 1 2 1 2 1 1 2 2 2 2 2 2 2 1 1 2 1 1 2 2 2
 2 2 1 1 1 1 1 2 1 1 2 1 1 2 1 1 1 1 1 2 1 1 1 2 1 1 2 1 1 1 2 1 1 2 2 2 2
 1 2 2 1 2 1 1 1 1 1 1 1 2 1 1 2 2 1 2 2 2 2 1 2 2 1 1 2 1 1 1 1 1 1 1 1 2
 1 1 1 1 2 2 1 1 2 2 2 2 2 1 1 1 1 1 1 2 2 1 2 2 2 2 1 1 1 1 2 1 1 1 2 1 1
 1 2 1 2 1 2 2 1 1 1 2 1 2 2 1 2 2 1 2 2 1 1 2 2 2 2 1 1 2 1 2 1 1 1 2 1 2
 2 1 1 1 2 2 1 2 2 2 1 1 1 1 1 1 2 1 1 1 2 1 1 1 1 1 1 1 2 1 1 1 1 1 0 2 1
 2 1 1 1 2 1 2 1 1 1 1 2 1 1 2 2 2 1 1 1 1 2 1 1 2 2 1 1 2 1 1 1 1 1 1 2 1
 2 2 2 1 2 2 1 1 2 1 2 2 1 1 2 1 2 2 2 2 2 1 2 1 2 1 1 1 2 2 2 1 1 1 2 2 2
 2 1 2 1 1 2 1 2 1 1 1 1 1 2 1 1 1 1 2 1 1 2 1 2 1 2 1 1 1 1 1 1 1 1 1 2 2
 1 2 1 1 1 0 2 2 2 1 2 2 1 1 2 1 1 1 1 2 1 1 1 1 1 2 1 2 2 2 2 1 1 2 1 1 2
 2 1 2 1 1 1 2 2 1 1 1 2 1 1 1 1 1 2 2 1 1 2 1 1 1 1 2 2 1 1 1 1 1 1 1 2 2
 1 1 1 2 1 1 2 1 1 2 1 2 1 1 1 1 1 2 1 1 1 1 2 1 1 1 2 2 1 1 2 1 2 1 2 1 2
 2 2 2]
{'accuracy': 0.6599552572706935, 'precision': 0.605624084713304, 'Recall': 0.4697960251046025, 'F1': 0.4797792486084167, 'AUC': 0.7367414955979776, 'Confusion_matrix': array([[0.0625    , 0.6875    , 0.25      ],
       [0.0041841 , 0.75313808, 0.24267782],
       [0.        , 0.40625   , 0.59375   ]])}
mcc	 0.3344382889855318
