accuracy   0.70917225950783
precision   0.6834044505041325
Recall   0.6279426572295842
F1   0.6392179463081377
AUC   0.819199102700194
Confusion_matrix   [[0.72077922 0.03246753 0.24675325]
 [0.31578947 0.32894737 0.35526316]
 [0.11981567 0.04608295 0.83410138]]
[2 0 2 2 2 2 1 0 2 2 0 2 2 0 2 0 0 2 2 2 0 0 2 0 2 2 1 2 1 2 1 0 2 2 2 2 2
 2 2 2 1 2 1 2 2 2 1 2 2 0 2 2 1 2 2 1 0 1 2 2 2 0 2 2 0 2 0 0 2 2 0 2 0 2
 0 0 0 2 0 2 2 2 0 2 2 2 2 2 2 2 2 2 2 0 0 2 2 2 0 0 0 2 0 0 1 1 2 2 0 2 2
 1 0 0 2 2 2 0 0 0 2 2 0 0 0 2 0 0 0 0 2 2 2 2 2 0 2 2 0 1 2 2 2 0 0 2 2 2
 0 2 0 0 2 2 2 2 0 2 0 0 1 0 2 0 2 0 0 0 2 0 2 2 0 2 1 0 2 2 2 0 2 0 0 0 1
 2 1 0 2 0 0 2 0 0 2 0 2 0 2 2 2 2 0 2 0 2 2 2 1 2 1 2 0 1 0 2 0 0 2 0 2 1
 0 0 2 0 2 0 2 2 2 0 2 2 0 0 2 2 2 0 2 2 2 2 2 0 2 1 2 0 0 0 2 0 0 2 2 2 2
 2 2 0 0 2 1 2 2 0 2 2 0 0 2 2 0 0 2 2 2 2 0 2 0 2 2 2 1 1 2 0 0 2 2 2 0 2
 0 1 2 0 2 0 2 0 0 0 1 0 1 0 0 0 2 2 1 2 0 2 2 2 2 2 1 0 1 0 2 2 0 2 0 0 2
 2 2 2 0 2 0 2 2 2 1 2 2 0 1 2 0 2 0 2 2 0 2 0 2 0 2 0 2 2 2 2 2 0 2 2 2 0
 2 0 0 2 2 1 2 2 2 2 2 0 0 1 2 2 0 2 0 2 0 2 2 0 0 2 2 2 0 0 2 0 2 2 2 2 0
 0 2 2 0 0 2 2 2 1 2 1 0 0 2 2 0 0 2 0 2 0 0 2 2 0 2 2 2 2 0 0 1 0 1 2 0 2
 2 2 0]
{'accuracy': 0.70917225950783, 'precision': 0.6834044505041325, 'Recall': 0.6279426572295842, 'F1': 0.6392179463081377, 'AUC': 0.819199102700194, 'Confusion_matrix': array([[0.72077922, 0.03246753, 0.24675325],
       [0.31578947, 0.32894737, 0.35526316],
       [0.11981567, 0.04608295, 0.83410138]])}
mcc	 0.5153616683000777
