accuracy   0.7203579418344519
precision   0.7142833278032775
Recall   0.6778999283130678
F1   0.6857405943222923
AUC   0.862910864175577
Confusion_matrix   [[0.46464646 0.36363636 0.17171717]
 [0.08053691 0.72483221 0.19463087]
 [0.03015075 0.12562814 0.84422111]]
[1 0 2 2 0 1 2 2 2 2 0 1 2 2 2 2 0 1 2 0 2 1 1 1 1 0 2 1 2 2 2 2 2 2 2 0 1
 2 2 1 2 2 0 2 1 1 1 1 2 1 1 2 0 1 2 0 1 0 2 2 0 2 1 2 2 0 2 2 0 1 0 2 1 2
 2 1 2 2 0 1 2 2 1 2 2 2 0 2 0 2 2 0 1 1 1 0 1 1 2 1 2 2 1 2 2 2 1 1 0 1 1
 2 2 1 2 2 2 2 1 2 1 1 0 2 0 1 1 1 2 2 1 2 1 0 1 0 1 0 2 1 1 0 0 1 1 2 2 2
 0 2 2 2 2 2 2 2 1 1 2 0 1 1 1 2 0 1 2 1 1 1 1 2 1 2 1 1 1 2 1 2 1 2 2 2 1
 2 1 0 1 1 1 2 0 1 2 1 2 2 1 2 2 1 1 1 0 1 2 2 0 1 2 2 2 2 0 1 1 2 2 1 2 1
 2 0 0 1 2 1 2 2 2 1 2 1 1 0 2 2 1 2 2 1 2 2 1 1 1 0 1 2 1 2 2 2 2 1 1 2 1
 1 2 2 2 2 1 0 2 1 2 2 2 1 2 2 1 2 1 1 1 2 1 2 1 2 2 2 2 1 2 2 2 2 2 2 0 1
 1 2 2 2 2 2 2 2 1 1 2 0 2 2 0 2 2 0 2 2 1 1 2 1 0 2 2 1 2 0 0 2 1 1 0 2 1
 1 2 1 2 2 2 0 1 1 2 2 1 1 1 0 2 1 2 2 2 2 2 1 2 0 0 1 2 2 1 0 0 2 2 2 2 1
 1 1 2 2 0 2 2 2 1 1 2 1 2 2 0 2 0 2 2 0 0 2 2 1 2 1 2 1 1 1 1 1 2 2 1 2 2
 2 1 0 0 1 1 2 1 1 1 2 2 1 1 2 2 1 2 1 0 1 1 1 1 2 2 1 1 1 1 2 0 1 1 2 2 1
 1 1 2]
{'accuracy': 0.7203579418344519, 'precision': 0.7142833278032775, 'Recall': 0.6778999283130678, 'F1': 0.6857405943222923, 'AUC': 0.862910864175577, 'Confusion_matrix': array([[0.46464646, 0.36363636, 0.17171717],
       [0.08053691, 0.72483221, 0.19463087],
       [0.03015075, 0.12562814, 0.84422111]])}
mcc	 0.5598393996419234
