accuracy   0.7181208053691275
precision   0.8111214394316061
Recall   0.5367610531544957
F1   0.5629066886870355
AUC   0.7977230303304005
Confusion_matrix   [[0.6557377  0.3442623  0.        ]
 [0.18181818 0.81818182 0.        ]
 [0.13636364 0.72727273 0.13636364]]
[1 0 0 1 1 0 1 1 1 1 1 0 1 0 0 0 1 1 1 2 0 0 1 1 0 0 0 0 0 1 0 1 0 0 1 0 1
 1 1 0 0 1 0 1 0 1 1 0 1 0 0 1 1 1 0 1 1 1 1 1 1 1 1 0 1 1 1 1 0 0 1 0 0 1
 0 1 1 0 0 1 1 1 0 1 1 1 0 0 1 0 1 1 0 0 1 1 0 2 1 1 1 1 1 0 1 1 1 0 1 1 1
 1 0 1 1 1 1 0 0 0 0 1 0 1 0 0 1 0 1 0 1 1 0 1 0 1 1 1 0 1 1 0 1 1 1 0 1 0
 1 0 0 1 1 0 0 1 0 1 0 1 1 0 0 0 1 0 0 1 1 0 1 1 1 0 1 1 1 1 1 1 1 0 1 1 0
 1 1 1 1 0 1 0 1 0 0 1 0 0 1 1 1 0 1 1 1 1 1 0 0 1 0 0 1 1 1 0 1 1 0 1 0 1
 1 0 1 0 1 1 0 0 0 0 1 1 1 0 1 1 1 0 1 0 0 1 1 1 1 1 1 1 1 0 0 1 1 1 0 1 1
 1 1 0 1 1 1 1 1 0 0 1 0 0 0 1 0 1 1 1 1 1 0 0 1 1 0 0 1 1 1 0 1 1 1 0 1 0
 0 1 1 0 1 1 1 1 1 1 1 1 0 1 0 0 0 1 1 0 1 1 1 1 1 1 1 1 1 1 1 0 1 1 1 1 0
 0 0 1 1 1 1 0 0 1 1 0 0 1 1 1 1 0 0 0 1 1 1 1 1 1 0 1 1 1 1 1 0 1 1 1 0 0
 0 1 1 1 1 1 0 0 0 0 0 0 1 1 0 1 0 1 1 1 1 1 1 0 1 0 1 1 0 1 1 1 1 1 1 0 1
 0 0 1 0 1 1 1 0 0 1 0 1 1 1 1 0 0 0 0 0 1 0 1 1 1 1 0 1 0 1 0 1 1 1 0 1 2
 1 0 1]
{'accuracy': 0.7181208053691275, 'precision': 0.8111214394316061, 'Recall': 0.5367610531544957, 'F1': 0.5629066886870355, 'AUC': 0.7977230303304005, 'Confusion_matrix': array([[0.6557377 , 0.3442623 , 0.        ],
       [0.18181818, 0.81818182, 0.        ],
       [0.13636364, 0.72727273, 0.13636364]])}
mcc	 0.45351467932076633
