accuracy   0.6756152125279642
precision   0.6577216217832808
Recall   0.6270695107091467
F1   0.634785707159248
AUC   0.8090178720833894
Confusion_matrix   [[0.47169811 0.29245283 0.23584906]
 [0.12686567 0.54477612 0.32835821]
 [0.04347826 0.09178744 0.8647343 ]]
[0 2 1 2 2 1 1 1 2 2 2 2 0 0 2 0 2 2 2 1 0 1 2 1 2 2 2 2 2 1 1 2 0 2 2 2 1
 0 1 0 0 1 2 2 2 2 1 2 1 2 2 2 0 0 2 2 0 2 2 2 2 1 2 1 2 0 2 2 0 1 1 2 2 2
 2 2 2 1 2 2 0 2 2 2 2 0 2 2 2 1 2 0 2 2 1 2 2 0 2 2 2 2 0 2 0 1 2 2 0 2 2
 2 2 2 2 2 2 1 1 0 2 1 1 2 2 1 2 1 0 1 0 0 2 2 2 2 2 0 1 2 2 2 1 0 2 1 2 2
 2 2 0 1 1 1 2 2 2 2 1 0 2 2 2 1 0 1 2 1 2 2 0 0 2 1 2 1 1 2 1 2 2 2 0 1 1
 1 2 2 2 2 2 2 2 1 1 2 2 1 1 0 2 0 2 0 2 1 2 2 2 2 1 0 2 2 0 1 2 2 1 2 1 0
 2 2 1 2 0 2 2 2 2 2 0 2 2 0 2 1 2 2 1 2 2 1 1 2 2 1 2 0 1 1 0 1 1 2 2 2 2
 2 1 2 2 2 0 1 0 2 0 1 0 2 1 1 1 2 1 2 2 2 1 1 2 2 2 2 2 2 2 0 1 2 2 2 2 2
 0 2 0 1 2 0 0 2 1 0 2 2 1 2 0 2 2 1 1 2 1 1 2 1 2 1 1 1 1 1 1 2 1 2 0 0 1
 1 2 1 2 2 2 2 2 0 2 1 1 1 0 1 2 2 2 1 1 1 1 1 0 2 2 2 2 2 1 2 2 2 2 2 2 2
 2 0 2 1 2 2 1 2 1 2 2 2 1 2 0 2 2 2 2 2 2 2 0 2 2 2 2 0 2 2 2 1 2 0 2 0 2
 1 0 0 1 0 1 2 0 2 1 2 1 1 1 2 2 2 0 0 2 1 1 1 0 2 2 0 0 0 2 1 1 1 2 2 1 2
 1 2 2]
{'accuracy': 0.6756152125279642, 'precision': 0.6577216217832808, 'Recall': 0.6270695107091467, 'F1': 0.634785707159248, 'AUC': 0.8090178720833894, 'Confusion_matrix': array([[0.47169811, 0.29245283, 0.23584906],
       [0.12686567, 0.54477612, 0.32835821],
       [0.04347826, 0.09178744, 0.8647343 ]])}
mcc	 0.4827133707732363
